<roblox xmlns:xmime="http://www.w3.org/2005/05/xmlmime" xmlns:xsi="http://www.w3.org/2001/XMLSchema-instance" xsi:noNamespaceSchemaLocation="http://www.roblox.com/roblox.xsd" version="4" assettype="animation">
   <External>null</External>
   <External>nil</External>
   <Item class="KeyframeSequence" referent="RBX0">
		<Properties>
			<bool name="Loop">false</bool>
			<string name="Name">Test</string>
			<token name="Priority">1000</token>
		</Properties>
		<Item class="Keyframe" referent="RBX1">
			<Properties>
				<string name="Name">Keyframe</string>
				<float name="Time">0.000000</float>
			</Properties>
			<Item class="Pose" referent="RBX4">
				<Properties>
					<CoordinateFrame name="CFrame">
						<X>0.000000</X> <Y>-0.000000</Y> <Z>0.000000</Z>
						<R00>1.000000</R00> <R01>0.000000</R01> <R02>0.000000</R02>
						<R10>-0.000000</R10> <R11>1.000000</R11> <R12>-0.000000</R12>
						<R20>0.000000</R20> <R21>0.000000</R21> <R22>1.000000</R22>
					</CoordinateFrame>
					<float name="MaskWeight">0</float>
					<string name="Name">HumanoidRootPart</string>
					<float name="Weight">1</float>
				</Properties>
				<Item class="Pose" referent="RBX5">
					<Properties>
						<CoordinateFrame name="CFrame">
							<X>0.000000</X> <Y>-0.000000</Y> <Z>0.000000</Z>
							<R00>1.000000</R00> <R01>0.000000</R01> <R02>0.000000</R02>
							<R10>-0.000000</R10> <R11>1.000000</R11> <R12>-0.000000</R12>
							<R20>0.000000</R20> <R21>0.000000</R21> <R22>1.000000</R22>
						</CoordinateFrame>
						<float name="MaskWeight">0</float>
						<string name="Name">Torso</string>
						<float name="Weight">1</float>
					</Properties>
					<Item class="Pose" referent="RBX8">
						<Properties>
							<CoordinateFrame name="CFrame">
								<X>0.000000</X> <Y>0.000000</Y> <Z>0.000000</Z>
								<R00>1.000000</R00> <R01>-0.000000</R01> <R02>0.000000</R02>
								<R10>-0.000000</R10> <R11>1.000000</R11> <R12>0.000000</R12>
								<R20>0.000000</R20> <R21>0.000000</R21> <R22>1.000000</R22>
							</CoordinateFrame>
							<float name="MaskWeight">0</float>
							<string name="Name">Right Arm</string>
							<float name="Weight">1</float>
						</Properties>
					</Item>
					<Item class="Pose" referent="RBX11">
						<Properties>
							<CoordinateFrame name="CFrame">
								<X>0.000000</X> <Y>0.000000</Y> <Z>0.000000</Z>
								<R00>1.000000</R00> <R01>0.000000</R01> <R02>0.000000</R02>
								<R10>0.000000</R10> <R11>1.000000</R11> <R12>-0.000000</R12>
								<R20>0.000000</R20> <R21>0.000000</R21> <R22>1.000000</R22>
							</CoordinateFrame>
							<float name="MaskWeight">0</float>
							<string name="Name">Head</string>
							<float name="Weight">1</float>
						</Properties>
					</Item>
					<Item class="Pose" referent="RBX15">
						<Properties>
							<CoordinateFrame name="CFrame">
								<X>0.000000</X> <Y>0.000000</Y> <Z>0.000000</Z>
								<R00>1.000000</R00> <R01>-0.000000</R01> <R02>0.000000</R02>
								<R10>-0.000000</R10> <R11>1.000000</R11> <R12>0.000000</R12>
								<R20>0.000000</R20> <R21>0.000000</R21> <R22>1.000000</R22>
							</CoordinateFrame>
							<float name="MaskWeight">0</float>
							<string name="Name">Left Arm</string>
							<float name="Weight">1</float>
						</Properties>
					</Item>
					<Item class="Pose" referent="RBX18">
						<Properties>
							<CoordinateFrame name="CFrame">
								<X>0.000000</X> <Y>0.000000</Y> <Z>0.000000</Z>
								<R00>1.000000</R00> <R01>0.000000</R01> <R02>0.000000</R02>
								<R10>0.000000</R10> <R11>1.000000</R11> <R12>0.000000</R12>
								<R20>0.000000</R20> <R21>0.000000</R21> <R22>1.000000</R22>
							</CoordinateFrame>
							<float name="MaskWeight">0</float>
							<string name="Name">Left Leg</string>
							<float name="Weight">1</float>
						</Properties>
					</Item>
					<Item class="Pose" referent="RBX21">
						<Properties>
							<CoordinateFrame name="CFrame">
								<X>0.000000</X> <Y>0.000000</Y> <Z>-0.000000</Z>
								<R00>1.000000</R00> <R01>0.000000</R01> <R02>0.000000</R02>
								<R10>0.000000</R10> <R11>1.000000</R11> <R12>0.000000</R12>
								<R20>0.000000</R20> <R21>0.000000</R21> <R22>1.000000</R22>
							</CoordinateFrame>
							<float name="MaskWeight">0</float>
							<string name="Name">Right Leg</string>
							<float name="Weight">1</float>
						</Properties>
					</Item>
				</Item>
			</Item>
		</Item>
		<Item class="Keyframe" referent="RBX23">
			<Properties>
				<string name="Name">Keyframe</string>
				<float name="Time">0.034091</float>
			</Properties>
			<Item class="Pose" referent="RBX26">
				<Properties>
					<CoordinateFrame name="CFrame">
						<X>0.000000</X> <Y>-0.000000</Y> <Z>0.000000</Z>
						<R00>1.000000</R00> <R01>0.000000</R01> <R02>0.000000</R02>
						<R10>-0.000000</R10> <R11>1.000000</R11> <R12>-0.000000</R12>
						<R20>0.000000</R20> <R21>0.000000</R21> <R22>1.000000</R22>
					</CoordinateFrame>
					<float name="MaskWeight">0</float>
					<string name="Name">HumanoidRootPart</string>
					<float name="Weight">1</float>
				</Properties>
				<Item class="Pose" referent="RBX27">
					<Properties>
						<CoordinateFrame name="CFrame">
							<X>0.000000</X> <Y>-0.000000</Y> <Z>0.000000</Z>
							<R00>0.999056</R00> <R01>0.043443</R01> <R02>0.000000</R02>
							<R10>-0.043443</R10> <R11>0.999056</R11> <R12>-0.000000</R12>
							<R20>-0.000000</R20> <R21>-0.000000</R21> <R22>1.000000</R22>
						</CoordinateFrame>
						<float name="MaskWeight">0</float>
						<string name="Name">Torso</string>
						<float name="Weight">1</float>
					</Properties>
					<Item class="Pose" referent="RBX30">
						<Properties>
							<CoordinateFrame name="CFrame">
								<X>-0.008754</X> <Y>-0.000000</Y> <Z>0.017297</Z>
								<R00>0.999151</R00> <R01>-0.017970</R01> <R02>0.037083</R02>
								<R10>0.018392</R10> <R11>0.999770</R11> <R12>-0.011072</R12>
								<R20>-0.036876</R20> <R21>0.011744</R21> <R22>0.999251</R22>
							</CoordinateFrame>
							<float name="MaskWeight">0</float>
							<string name="Name">Right Arm</string>
							<float name="Weight">1</float>
						</Properties>
					</Item>
					<Item class="Pose" referent="RBX33">
						<Properties>
							<CoordinateFrame name="CFrame">
								<X>0.000000</X> <Y>0.000000</Y> <Z>-0.000000</Z>
								<R00>0.998042</R00> <R01>-0.062535</R01> <R02>-0.001362</R02>
								<R10>0.062546</R10> <R11>0.997979</R11> <R12>0.011234</R12>
								<R20>0.000657</R20> <R21>-0.011297</R21> <R22>0.999936</R22>
							</CoordinateFrame>
							<float name="MaskWeight">0</float>
							<string name="Name">Head</string>
							<float name="Weight">1</float>
						</Properties>
					</Item>
					<Item class="Pose" referent="RBX37">
						<Properties>
							<CoordinateFrame name="CFrame">
								<X>-0.008175</X> <Y>0.000000</Y> <Z>0.004464</Z>
								<R00>0.999152</R00> <R01>0.040581</R01> <R02>0.006966</R02>
								<R10>-0.040592</R10> <R11>0.999175</R11> <R12>0.001456</R12>
								<R20>-0.006901</R20> <R21>-0.001737</R21> <R22>0.999975</R22>
							</CoordinateFrame>
							<float name="MaskWeight">0</float>
							<string name="Name">Left Arm</string>
							<float name="Weight">1</float>
						</Properties>
					</Item>
					<Item class="Pose" referent="RBX40">
						<Properties>
							<CoordinateFrame name="CFrame">
								<X>0.026111</X> <Y>0.000000</Y> <Z>-0.008092</Z>
								<R00>0.998943</R00> <R01>-0.012180</R01> <R02>0.044321</R02>
								<R10>0.012192</R10> <R11>0.999926</R11> <R12>0.000000</R12>
								<R20>-0.044317</R20> <R21>0.000540</R21> <R22>0.999017</R22>
							</CoordinateFrame>
							<float name="MaskWeight">0</float>
							<string name="Name">Left Leg</string>
							<float name="Weight">1</float>
						</Properties>
					</Item>
					<Item class="Pose" referent="RBX43">
						<Properties>
							<CoordinateFrame name="CFrame">
								<X>0.051816</X> <Y>0.000000</Y> <Z>-0.003701</Z>
								<R00>0.998993</R00> <R01>0.005188</R01> <R02>0.044556</R02>
								<R10>-0.005366</R10> <R11>0.999978</R11> <R12>0.003883</R12>
								<R20>-0.044535</R20> <R21>-0.004119</R21> <R22>0.998999</R22>
							</CoordinateFrame>
							<float name="MaskWeight">0</float>
							<string name="Name">Right Leg</string>
							<float name="Weight">1</float>
						</Properties>
					</Item>
				</Item>
			</Item>
		</Item>
		<Item class="Keyframe" referent="RBX45">
			<Properties>
				<string name="Name">Keyframe</string>
				<float name="Time">0.068182</float>
			</Properties>
			<Item class="Pose" referent="RBX48">
				<Properties>
					<CoordinateFrame name="CFrame">
						<X>0.000000</X> <Y>-0.000000</Y> <Z>0.000000</Z>
						<R00>1.000000</R00> <R01>0.000000</R01> <R02>0.000000</R02>
						<R10>-0.000000</R10> <R11>1.000000</R11> <R12>-0.000000</R12>
						<R20>0.000000</R20> <R21>0.000000</R21> <R22>1.000000</R22>
					</CoordinateFrame>
					<float name="MaskWeight">0</float>
					<string name="Name">HumanoidRootPart</string>
					<float name="Weight">1</float>
				</Properties>
				<Item class="Pose" referent="RBX49">
					<Properties>
						<CoordinateFrame name="CFrame">
							<X>0.000000</X> <Y>-0.000000</Y> <Z>0.000000</Z>
							<R00>0.995859</R00> <R01>0.090910</R01> <R02>0.000000</R02>
							<R10>-0.090910</R10> <R11>0.995859</R11> <R12>-0.000000</R12>
							<R20>0.000000</R20> <R21>-0.000000</R21> <R22>1.000000</R22>
						</CoordinateFrame>
						<float name="MaskWeight">0</float>
						<string name="Name">Torso</string>
						<float name="Weight">1</float>
					</Properties>
					<Item class="Pose" referent="RBX52">
						<Properties>
							<CoordinateFrame name="CFrame">
								<X>-0.017987</X> <Y>-0.000000</Y> <Z>0.035317</Z>
								<R00>0.997331</R00> <R01>-0.031862</R01> <R02>0.065690</R02>
								<R10>0.033144</R10> <R11>0.999279</R11> <R12>-0.018520</R12>
								<R20>-0.065052</R20> <R21>0.020648</R21> <R22>0.997668</R22>
							</CoordinateFrame>
							<float name="MaskWeight">0</float>
							<string name="Name">Right Arm</string>
							<float name="Weight">1</float>
						</Properties>
					</Item>
					<Item class="Pose" referent="RBX55">
						<Properties>
							<CoordinateFrame name="CFrame">
								<X>0.000000</X> <Y>-0.000000</Y> <Z>0.000000</Z>
								<R00>0.991421</R00> <R01>-0.130677</R01> <R02>-0.002852</R02>
								<R10>0.130708</R10> <R11>0.991141</R11> <R12>0.023532</R12>
								<R20>-0.000248</R20> <R21>-0.023703</R21> <R22>0.999719</R22>
							</CoordinateFrame>
							<float name="MaskWeight">0</float>
							<string name="Name">Head</string>
							<float name="Weight">1</float>
						</Properties>
					</Item>
					<Item class="Pose" referent="RBX59">
						<Properties>
							<CoordinateFrame name="CFrame">
								<X>-0.015104</X> <Y>0.000000</Y> <Z>0.008248</Z>
								<R00>0.997183</R00> <R01>0.073896</R01> <R02>0.012870</R02>
								<R10>-0.073936</R10> <R11>0.997259</R11> <R12>0.002689</R12>
								<R20>-0.012636</R20> <R21>-0.003633</R21> <R22>0.999914</R22>
							</CoordinateFrame>
							<float name="MaskWeight">0</float>
							<string name="Name">Left Arm</string>
							<float name="Weight">1</float>
						</Properties>
					</Item>
					<Item class="Pose" referent="RBX62">
						<Properties>
							<CoordinateFrame name="CFrame">
								<X>0.054699</X> <Y>-0.000000</Y> <Z>-0.016951</Z>
								<R00>0.995365</R00> <R01>-0.025428</R01> <R02>0.092743</R02>
								<R10>0.025538</R10> <R11>0.999674</R11> <R12>0.000000</R12>
								<R20>-0.092713</R20> <R21>0.002368</R21> <R22>0.995690</R22>
							</CoordinateFrame>
							<float name="MaskWeight">0</float>
							<string name="Name">Left Leg</string>
							<float name="Weight">1</float>
						</Properties>
					</Item>
					<Item class="Pose" referent="RBX65">
						<Properties>
							<CoordinateFrame name="CFrame">
								<X>0.108863</X> <Y>0.000000</Y> <Z>-0.007777</Z>
								<R00>0.995564</R00> <R01>0.010462</R01> <R02>0.093503</R02>
								<R10>-0.011274</R10> <R11>0.999903</R11> <R12>0.008159</R12>
								<R20>-0.093408</R20> <R21>-0.009177</R21> <R22>0.995586</R22>
							</CoordinateFrame>
							<float name="MaskWeight">0</float>
							<string name="Name">Right Leg</string>
							<float name="Weight">1</float>
						</Properties>
					</Item>
				</Item>
			</Item>
		</Item>
		<Item class="Keyframe" referent="RBX67">
			<Properties>
				<string name="Name">Keyframe</string>
				<float name="Time">0.102273</float>
			</Properties>
			<Item class="Pose" referent="RBX70">
				<Properties>
					<CoordinateFrame name="CFrame">
						<X>0.000000</X> <Y>-0.000000</Y> <Z>0.000000</Z>
						<R00>1.000000</R00> <R01>0.000000</R01> <R02>0.000000</R02>
						<R10>-0.000000</R10> <R11>1.000000</R11> <R12>-0.000000</R12>
						<R20>0.000000</R20> <R21>0.000000</R21> <R22>1.000000</R22>
					</CoordinateFrame>
					<float name="MaskWeight">0</float>
					<string name="Name">HumanoidRootPart</string>
					<float name="Weight">1</float>
				</Properties>
				<Item class="Pose" referent="RBX71">
					<Properties>
						<CoordinateFrame name="CFrame">
							<X>0.000000</X> <Y>-0.000000</Y> <Z>0.000000</Z>
							<R00>0.990163</R00> <R01>0.139918</R01> <R02>0.000000</R02>
							<R10>-0.139918</R10> <R11>0.990163</R11> <R12>-0.000000</R12>
							<R20>0.000000</R20> <R21>-0.000000</R21> <R22>1.000000</R22>
						</CoordinateFrame>
						<float name="MaskWeight">0</float>
						<string name="Name">Torso</string>
						<float name="Weight">1</float>
					</Properties>
					<Item class="Pose" referent="RBX74">
						<Properties>
							<CoordinateFrame name="CFrame">
								<X>-0.027495</X> <Y>0.000000</Y> <Z>0.053755</Z>
								<R00>0.996829</R00> <R01>-0.042162</R01> <R02>0.067483</R02>
								<R10>0.043408</R10> <R11>0.998911</R11> <R12>-0.017107</R12>
								<R20>-0.066689</R20> <R21>0.019982</R21> <R22>0.997574</R22>
							</CoordinateFrame>
							<float name="MaskWeight">0</float>
							<string name="Name">Right Arm</string>
							<float name="Weight">1</float>
						</Properties>
					</Item>
					<Item class="Pose" referent="RBX77">
						<Properties>
							<CoordinateFrame name="CFrame">
								<X>0.000000</X> <Y>0.000000</Y> <Z>0.000000</Z>
								<R00>0.979652</R00> <R01>-0.200656</R01> <R02>-0.004396</R02>
								<R10>0.200682</R10> <R11>0.978984</R11> <R12>0.036283</R12>
								<R20>-0.002976</R20> <R21>-0.036427</R21> <R22>0.999332</R22>
							</CoordinateFrame>
							<float name="MaskWeight">0</float>
							<string name="Name">Head</string>
							<float name="Weight">1</float>
						</Properties>
					</Item>
					<Item class="Pose" referent="RBX81">
						<Properties>
							<CoordinateFrame name="CFrame">
								<X>-0.028857</X> <Y>0.000000</Y> <Z>0.015758</Z>
								<R00>0.990766</R00> <R01>0.133334</R01> <R02>0.024586</R02>
								<R10>-0.133498</R10> <R11>0.991036</R11> <R12>0.005138</R12>
								<R20>-0.023681</R20> <R21>-0.008373</R21> <R22>0.999685</R22>
							</CoordinateFrame>
							<float name="MaskWeight">0</float>
							<string name="Name">Left Arm</string>
							<float name="Weight">1</float>
						</Properties>
					</Item>
					<Item class="Pose" referent="RBX84">
						<Properties>
							<CoordinateFrame name="CFrame">
								<X>0.084347</X> <Y>-0.000000</Y> <Z>-0.026139</Z>
								<R00>0.988994</R00> <R01>-0.038971</R01> <R02>0.142728</R02>
								<R10>0.039374</R10> <R11>0.999224</R11> <R12>0.000000</R12>
								<R20>-0.142617</R20> <R21>0.005620</R21> <R22>0.989762</R22>
							</CoordinateFrame>
							<float name="MaskWeight">0</float>
							<string name="Name">Left Leg</string>
							<float name="Weight">1</float>
						</Properties>
					</Item>
					<Item class="Pose" referent="RBX87">
						<Properties>
							<CoordinateFrame name="CFrame">
								<X>0.168148</X> <Y>0.000000</Y> <Z>-0.012012</Z>
								<R00>0.989440</R00> <R01>0.015415</R01> <R02>0.144124</R02>
								<R10>-0.017412</R10> <R11>0.999769</R11> <R12>0.012602</R12>
								<R20>-0.143897</R20> <R21>-0.014978</R21> <R22>0.989479</R22>
							</CoordinateFrame>
							<float name="MaskWeight">0</float>
							<string name="Name">Right Leg</string>
							<float name="Weight">1</float>
						</Properties>
					</Item>
				</Item>
			</Item>
		</Item>
		<Item class="Keyframe" referent="RBX89">
			<Properties>
				<string name="Name">Keyframe</string>
				<float name="Time">0.136364</float>
			</Properties>
			<Item class="Pose" referent="RBX92">
				<Properties>
					<CoordinateFrame name="CFrame">
						<X>0.000000</X> <Y>-0.000000</Y> <Z>0.000000</Z>
						<R00>1.000000</R00> <R01>0.000000</R01> <R02>0.000000</R02>
						<R10>-0.000000</R10> <R11>1.000000</R11> <R12>-0.000000</R12>
						<R20>0.000000</R20> <R21>0.000000</R21> <R22>1.000000</R22>
					</CoordinateFrame>
					<float name="MaskWeight">0</float>
					<string name="Name">HumanoidRootPart</string>
					<float name="Weight">1</float>
				</Properties>
				<Item class="Pose" referent="RBX93">
					<Properties>
						<CoordinateFrame name="CFrame">
							<X>0.000000</X> <Y>-0.000000</Y> <Z>0.000000</Z>
							<R00>0.982325</R00> <R01>0.187184</R01> <R02>0.000000</R02>
							<R10>-0.187184</R10> <R11>0.982325</R11> <R12>-0.000000</R12>
							<R20>0.000000</R20> <R21>0.000000</R21> <R22>1.000000</R22>
						</CoordinateFrame>
						<float name="MaskWeight">0</float>
						<string name="Name">Torso</string>
						<float name="Weight">1</float>
					</Properties>
					<Item class="Pose" referent="RBX96">
						<Properties>
							<CoordinateFrame name="CFrame">
								<X>-0.036992</X> <Y>-0.000000</Y> <Z>0.072174</Z>
								<R00>0.998201</R00> <R01>-0.044480</R01> <R02>0.040201</R02>
								<R10>0.044699</R10> <R11>0.998990</R11> <R12>-0.004575</R12>
								<R20>-0.039957</R20> <R21>0.006364</R21> <R22>0.999181</R22>
							</CoordinateFrame>
							<float name="MaskWeight">0</float>
							<string name="Name">Right Arm</string>
							<float name="Weight">1</float>
						</Properties>
					</Item>
					<Item class="Pose" referent="RBX99">
						<Properties>
							<CoordinateFrame name="CFrame">
								<X>-0.000000</X> <Y>0.000000</Y> <Z>-0.000000</Z>
								<R00>0.963509</R00> <R01>-0.267610</R01> <R02>-0.005894</R02>
								<R10>0.267574</R10> <R11>0.962308</R11> <R12>0.048659</R12>
								<R20>-0.007350</R20> <R21>-0.048460</R21> <R22>0.998798</R22>
							</CoordinateFrame>
							<float name="MaskWeight">0</float>
							<string name="Name">Head</string>
							<float name="Weight">1</float>
						</Properties>
					</Item>
					<Item class="Pose" referent="RBX103">
						<Properties>
							<CoordinateFrame name="CFrame">
								<X>-0.055917</X> <Y>0.000000</Y> <Z>0.030535</Z>
								<R00>0.968608</R00> <R01>0.243988</R01> <R02>0.047626</R02>
								<R10>-0.244714</R10> <R11>0.969544</R11> <R12>0.009956</R12>
								<R20>-0.043746</R20> <R21>-0.021298</R21> <R22>0.998816</R22>
							</CoordinateFrame>
							<float name="MaskWeight">0</float>
							<string name="Name">Left Arm</string>
							<float name="Weight">1</float>
						</Properties>
					</Item>
					<Item class="Pose" referent="RBX106">
						<Properties>
							<CoordinateFrame name="CFrame">
								<X>0.113139</X> <Y>0.000000</Y> <Z>-0.035062</Z>
								<R00>0.980236</R00> <R01>-0.051832</R01> <R02>0.190923</R02>
								<R10>0.052803</R10> <R11>0.998605</R11> <R12>0.000000</R12>
								<R20>-0.190657</R20> <R21>0.010081</R21> <R22>0.981605</R22>
							</CoordinateFrame>
							<float name="MaskWeight">0</float>
							<string name="Name">Left Leg</string>
							<float name="Weight">1</float>
						</Properties>
					</Item>
					<Item class="Pose" referent="RBX109">
						<Properties>
							<CoordinateFrame name="CFrame">
								<X>0.225623</X> <Y>-0.000000</Y> <Z>-0.016117</Z>
								<R00>0.981034</R00> <R01>0.019665</R01> <R02>0.192836</R02>
								<R10>-0.023361</R10> <R11>0.999584</R11> <R12>0.016909</R12>
								<R20>-0.192423</R20> <R21>-0.021093</R21> <R22>0.981085</R22>
							</CoordinateFrame>
							<float name="MaskWeight">0</float>
							<string name="Name">Right Leg</string>
							<float name="Weight">1</float>
						</Properties>
					</Item>
				</Item>
			</Item>
		</Item>
		<Item class="Keyframe" referent="RBX111">
			<Properties>
				<string name="Name">Keyframe</string>
				<float name="Time">0.170455</float>
			</Properties>
			<Item class="Pose" referent="RBX114">
				<Properties>
					<CoordinateFrame name="CFrame">
						<X>0.000000</X> <Y>-0.000000</Y> <Z>0.000000</Z>
						<R00>1.000000</R00> <R01>0.000000</R01> <R02>0.000000</R02>
						<R10>-0.000000</R10> <R11>1.000000</R11> <R12>-0.000000</R12>
						<R20>0.000000</R20> <R21>0.000000</R21> <R22>1.000000</R22>
					</CoordinateFrame>
					<float name="MaskWeight">0</float>
					<string name="Name">HumanoidRootPart</string>
					<float name="Weight">1</float>
				</Properties>
				<Item class="Pose" referent="RBX115">
					<Properties>
						<CoordinateFrame name="CFrame">
							<X>0.000000</X> <Y>-0.000000</Y> <Z>0.000000</Z>
							<R00>0.973255</R00> <R01>0.229728</R01> <R02>0.000000</R02>
							<R10>-0.229728</R10> <R11>0.973255</R11> <R12>-0.000000</R12>
							<R20>0.000000</R20> <R21>0.000000</R21> <R22>1.000000</R22>
						</CoordinateFrame>
						<float name="MaskWeight">0</float>
						<string name="Name">Torso</string>
						<float name="Weight">1</float>
					</Properties>
					<Item class="Pose" referent="RBX118">
						<Properties>
							<CoordinateFrame name="CFrame">
								<X>-0.046210</X> <Y>0.000000</Y> <Z>0.090174</Z>
								<R00>0.999616</R00> <R01>-0.027710</R01> <R02>0.000594</R02>
								<R10>0.027695</R10> <R11>0.999451</R11> <R12>0.018172</R12>
								<R20>-0.001098</R20> <R21>-0.018148</R21> <R22>0.999835</R22>
							</CoordinateFrame>
							<float name="MaskWeight">0</float>
							<string name="Name">Right Arm</string>
							<float name="Weight">1</float>
						</Properties>
					</Item>
					<Item class="Pose" referent="RBX121">
						<Properties>
							<CoordinateFrame name="CFrame">
								<X>0.000000</X> <Y>-0.000000</Y> <Z>0.000000</Z>
								<R00>0.944902</R00> <R01>-0.327275</R01> <R02>-0.007251</R02>
								<R10>0.327106</R10> <R11>0.943088</R11> <R12>0.059889</R12>
								<R20>-0.012761</R20> <R21>-0.058961</R21> <R22>0.998179</R22>
							</CoordinateFrame>
							<float name="MaskWeight">0</float>
							<string name="Name">Head</string>
							<float name="Weight">1</float>
						</Properties>
					</Item>
					<Item class="Pose" referent="RBX125">
						<Properties>
							<CoordinateFrame name="CFrame">
								<X>-0.098447</X> <Y>0.000000</Y> <Z>0.053760</Z>
								<R00>0.909582</R00> <R01>0.406992</R01> <R02>0.083774</R02>
								<R10>-0.409710</R10> <R11>0.912047</R11> <R12>0.017528</R12>
								<R20>-0.069272</R20> <R21>-0.050266</R21> <R22>0.996331</R22>
							</CoordinateFrame>
							<float name="MaskWeight">0</float>
							<string name="Name">Left Arm</string>
							<float name="Weight">1</float>
						</Properties>
					</Item>
					<Item class="Pose" referent="RBX128">
						<Properties>
							<CoordinateFrame name="CFrame">
								<X>0.139278</X> <Y>0.000000</Y> <Z>-0.043162</Z>
								<R00>0.970112</R00> <R01>-0.063178</R01> <R02>0.234287</R02>
								<R10>0.064987</R10> <R11>0.997886</R11> <R12>0.000000</R12>
								<R20>-0.233792</R20> <R21>0.015226</R21> <R22>0.972168</R22>
							</CoordinateFrame>
							<float name="MaskWeight">0</float>
							<string name="Name">Left Leg</string>
							<float name="Weight">1</float>
						</Properties>
					</Item>
					<Item class="Pose" referent="RBX131">
						<Properties>
							<CoordinateFrame name="CFrame">
								<X>0.277498</X> <Y>0.000000</Y> <Z>-0.019823</Z>
								<R00>0.971386</R00> <R01>0.023005</R01> <R02>0.236390</R02>
								<R10>-0.028729</R10> <R11>0.999371</R11> <R12>0.020796</R12>
								<R20>-0.235763</R20> <R21>-0.026992</R21> <R22>0.971436</R22>
							</CoordinateFrame>
							<float name="MaskWeight">0</float>
							<string name="Name">Right Leg</string>
							<float name="Weight">1</float>
						</Properties>
					</Item>
				</Item>
			</Item>
		</Item>
		<Item class="Keyframe" referent="RBX133">
			<Properties>
				<string name="Name">Keyframe</string>
				<float name="Time">0.204545</float>
			</Properties>
			<Item class="Pose" referent="RBX136">
				<Properties>
					<CoordinateFrame name="CFrame">
						<X>0.000000</X> <Y>-0.000000</Y> <Z>0.000000</Z>
						<R00>1.000000</R00> <R01>0.000000</R01> <R02>0.000000</R02>
						<R10>-0.000000</R10> <R11>1.000000</R11> <R12>-0.000000</R12>
						<R20>0.000000</R20> <R21>0.000000</R21> <R22>1.000000</R22>
					</CoordinateFrame>
					<float name="MaskWeight">0</float>
					<string name="Name">HumanoidRootPart</string>
					<float name="Weight">1</float>
				</Properties>
				<Item class="Pose" referent="RBX137">
					<Properties>
						<CoordinateFrame name="CFrame">
							<X>0.000000</X> <Y>-0.000000</Y> <Z>0.000000</Z>
							<R00>0.964414</R00> <R01>0.264398</R01> <R02>0.000000</R02>
							<R10>-0.264398</R10> <R11>0.964414</R11> <R12>-0.000000</R12>
							<R20>0.000000</R20> <R21>-0.000000</R21> <R22>1.000000</R22>
						</CoordinateFrame>
						<float name="MaskWeight">0</float>
						<string name="Name">Torso</string>
						<float name="Weight">1</float>
					</Properties>
					<Item class="Pose" referent="RBX140">
						<Properties>
							<CoordinateFrame name="CFrame">
								<X>-0.054855</X> <Y>0.000000</Y> <Z>0.107305</Z>
								<R00>0.998750</R00> <R01>0.027425</R01> <R02>-0.041792</R02>
								<R10>-0.024989</R10> <R11>0.998019</R11> <R12>0.057731</R12>
								<R20>0.043293</R20> <R21>-0.056614</R21> <R22>0.997457</R22>
							</CoordinateFrame>
							<float name="MaskWeight">0</float>
							<string name="Name">Right Arm</string>
							<float name="Weight">1</float>
						</Properties>
					</Item>
					<Item class="Pose" referent="RBX143">
						<Properties>
							<CoordinateFrame name="CFrame">
								<X>0.000000</X> <Y>0.000000</Y> <Z>0.000000</Z>
								<R00>0.926834</R00> <R01>-0.375379</R01> <R02>-0.008366</R02>
								<R10>0.375030</R10> <R11>0.924432</R11> <R12>0.069120</R12>
								<R20>-0.018213</R20> <R21>-0.067200</R21> <R22>0.997573</R22>
							</CoordinateFrame>
							<float name="MaskWeight">0</float>
							<string name="Name">Head</string>
							<float name="Weight">1</float>
						</Properties>
					</Item>
					<Item class="Pose" referent="RBX147">
						<Properties>
							<CoordinateFrame name="CFrame">
								<X>-0.149147</X> <Y>0.000000</Y> <Z>0.081447</Z>
								<R00>0.794875</R00> <R01>0.593398</R01> <R02>0.126701</R02>
								<R10>-0.600723</R10> <R11>0.799016</R11> <R12>0.026554</R12>
								<R20>-0.085479</R20> <R21>-0.097219</R21> <R22>0.991585</R22>
							</CoordinateFrame>
							<float name="MaskWeight">0</float>
							<string name="Name">Left Arm</string>
							<float name="Weight">1</float>
						</Properties>
					</Item>
					<Item class="Pose" referent="RBX150">
						<Properties>
							<CoordinateFrame name="CFrame">
								<X>0.160777</X> <Y>-0.000000</Y> <Z>-0.049825</Z>
								<R00>0.960257</R00> <R01>-0.072224</R01> <R02>0.269612</R02>
								<R10>0.075001</R10> <R11>0.997183</R11> <R12>0.000000</R12>
								<R20>-0.268853</R20> <R21>0.020221</R21> <R22>0.962969</R22>
							</CoordinateFrame>
							<float name="MaskWeight">0</float>
							<string name="Name">Left Leg</string>
							<float name="Weight">1</float>
						</Properties>
					</Item>
					<Item class="Pose" referent="RBX153">
						<Properties>
							<CoordinateFrame name="CFrame">
								<X>0.319575</X> <Y>0.000000</Y> <Z>-0.022829</Z>
								<R00>0.962142</R00> <R01>0.025351</R01> <R02>0.271369</R02>
								<R10>-0.033081</R10> <R11>0.999166</R11> <R12>0.023949</R12>
								<R20>-0.270535</R20> <R21>-0.032019</R21> <R22>0.962178</R22>
							</CoordinateFrame>
							<float name="MaskWeight">0</float>
							<string name="Name">Right Leg</string>
							<float name="Weight">1</float>
						</Properties>
					</Item>
				</Item>
			</Item>
		</Item>
		<Item class="Keyframe" referent="RBX155">
			<Properties>
				<string name="Name">Keyframe</string>
				<float name="Time">0.238636</float>
			</Properties>
			<Item class="Pose" referent="RBX158">
				<Properties>
					<CoordinateFrame name="CFrame">
						<X>0.000000</X> <Y>-0.000000</Y> <Z>0.000000</Z>
						<R00>1.000000</R00> <R01>0.000000</R01> <R02>0.000000</R02>
						<R10>-0.000000</R10> <R11>1.000000</R11> <R12>-0.000000</R12>
						<R20>0.000000</R20> <R21>0.000000</R21> <R22>1.000000</R22>
					</CoordinateFrame>
					<float name="MaskWeight">0</float>
					<string name="Name">HumanoidRootPart</string>
					<float name="Weight">1</float>
				</Properties>
				<Item class="Pose" referent="RBX159">
					<Properties>
						<CoordinateFrame name="CFrame">
							<X>0.000000</X> <Y>-0.000000</Y> <Z>0.000000</Z>
							<R00>0.957787</R00> <R01>0.287478</R01> <R02>0.000000</R02>
							<R10>-0.287478</R10> <R11>0.957787</R11> <R12>-0.000000</R12>
							<R20>0.000000</R20> <R21>0.000000</R21> <R22>1.000000</R22>
						</CoordinateFrame>
						<float name="MaskWeight">0</float>
						<string name="Name">Torso</string>
						<float name="Weight">1</float>
					</Properties>
					<Item class="Pose" referent="RBX162">
						<Properties>
							<CoordinateFrame name="CFrame">
								<X>-0.062643</X> <Y>-0.000000</Y> <Z>0.123141</Z>
								<R00>0.990831</R00> <R01>0.102759</R01> <R02>-0.087717</R02>
								<R10>-0.093360</R10> <R11>0.990053</R11> <R12>0.105257</R12>
								<R20>0.097660</R20> <R21>-0.096103</R21> <R22>0.990569</R22>
							</CoordinateFrame>
							<float name="MaskWeight">0</float>
							<string name="Name">Right Arm</string>
							<float name="Weight">1</float>
						</Properties>
					</Item>
					<Item class="Pose" referent="RBX165">
						<Properties>
							<CoordinateFrame name="CFrame">
								<X>-0.000000</X> <Y>0.000000</Y> <Z>-0.000000</Z>
								<R00>0.913337</R00> <R01>-0.407102</R01> <R02>-0.009112</R02>
								<R10>0.406589</R10> <R11>0.910502</R11> <R12>0.075311</R12>
								<R20>-0.022363</R20> <R21>-0.072490</R21> <R22>0.997118</R22>
							</CoordinateFrame>
							<float name="MaskWeight">0</float>
							<string name="Name">Head</string>
							<float name="Weight">1</float>
						</Properties>
					</Item>
					<Item class="Pose" referent="RBX169">
						<Properties>
							<CoordinateFrame name="CFrame">
								<X>-0.203696</X> <Y>0.000000</Y> <Z>0.111235</Z>
								<R00>0.623653</R00> <R01>0.762412</R01> <R02>0.172584</R02>
								<R10>-0.777524</R10> <R11>0.627806</R11> <R12>0.036262</R12>
								<R20>-0.080703</R20> <R21>-0.156803</R21> <R22>0.984327</R22>
							</CoordinateFrame>
							<float name="MaskWeight">0</float>
							<string name="Name">Left Arm</string>
							<float name="Weight">1</float>
						</Properties>
					</Item>
					<Item class="Pose" referent="RBX172">
						<Properties>
							<CoordinateFrame name="CFrame">
								<X>0.175206</X> <Y>0.000000</Y> <Z>-0.054296</Z>
								<R00>0.952878</R00> <R01>-0.078128</R01> <R02>0.293120</R02>
								<R10>0.081718</R10> <R11>0.996656</R11> <R12>0.000000</R12>
								<R20>-0.292140</R20> <R21>0.023953</R21> <R22>0.956076</R22>
							</CoordinateFrame>
							<float name="MaskWeight">0</float>
							<string name="Name">Left Leg</string>
							<float name="Weight">1</float>
						</Properties>
					</Item>
					<Item class="Pose" referent="RBX175">
						<Properties>
							<CoordinateFrame name="CFrame">
								<X>0.346739</X> <Y>0.000000</Y> <Z>-0.024769</Z>
								<R00>0.955507</R00> <R01>0.026686</R01> <R02>0.293760</R02>
								<R10>-0.035890</R10> <R11>0.999018</R11> <R12>0.025984</R12>
								<R20>-0.292778</R20> <R21>-0.035371</R21> <R22>0.955526</R22>
							</CoordinateFrame>
							<float name="MaskWeight">0</float>
							<string name="Name">Right Leg</string>
							<float name="Weight">1</float>
						</Properties>
					</Item>
				</Item>
			</Item>
		</Item>
		<Item class="Keyframe" referent="RBX177">
			<Properties>
				<string name="Name">Keyframe</string>
				<float name="Time">0.272727</float>
			</Properties>
			<Item class="Pose" referent="RBX180">
				<Properties>
					<CoordinateFrame name="CFrame">
						<X>0.000000</X> <Y>-0.000000</Y> <Z>0.000000</Z>
						<R00>1.000000</R00> <R01>0.000000</R01> <R02>0.000000</R02>
						<R10>-0.000000</R10> <R11>1.000000</R11> <R12>-0.000000</R12>
						<R20>0.000000</R20> <R21>0.000000</R21> <R22>1.000000</R22>
					</CoordinateFrame>
					<float name="MaskWeight">0</float>
					<string name="Name">HumanoidRootPart</string>
					<float name="Weight">1</float>
				</Properties>
				<Item class="Pose" referent="RBX181">
					<Properties>
						<CoordinateFrame name="CFrame">
							<X>0.000000</X> <Y>-0.000000</Y> <Z>0.000000</Z>
							<R00>0.953600</R00> <R01>0.301077</R01> <R02>0.000000</R02>
							<R10>-0.301077</R10> <R11>0.953600</R11> <R12>-0.000000</R12>
							<R20>-0.000000</R20> <R21>-0.000000</R21> <R22>1.000000</R22>
						</CoordinateFrame>
						<float name="MaskWeight">0</float>
						<string name="Name">Torso</string>
						<float name="Weight">1</float>
					</Properties>
					<Item class="Pose" referent="RBX184">
						<Properties>
							<CoordinateFrame name="CFrame">
								<X>-0.069519</X> <Y>0.000000</Y> <Z>0.137536</Z>
								<R00>0.976017</R00> <R01>0.174746</R01> <R02>-0.129828</R02>
								<R10>-0.155455</R10> <R11>0.976952</R11> <R12>0.146284</R12>
								<R20>0.152398</R20> <R21>-0.122594</R21> <R22>0.980686</R22>
							</CoordinateFrame>
							<float name="MaskWeight">0</float>
							<string name="Name">Right Arm</string>
							<float name="Weight">1</float>
						</Properties>
					</Item>
					<Item class="Pose" referent="RBX187">
						<Properties>
							<CoordinateFrame name="CFrame">
								<X>0.000000</X> <Y>0.000000</Y> <Z>0.000000</Z>
								<R00>0.904828</R00> <R01>-0.425670</R01> <R02>-0.009554</R02>
								<R10>0.425042</R10> <R11>0.901721</R11> <R12>0.078979</R12>
								<R20>-0.025004</R20> <R21>-0.075523</R21> <R22>0.996831</R22>
							</CoordinateFrame>
							<float name="MaskWeight">0</float>
							<string name="Name">Head</string>
							<float name="Weight">1</float>
						</Properties>
					</Item>
					<Item class="Pose" referent="RBX191">
						<Properties>
							<CoordinateFrame name="CFrame">
								<X>-0.257908</X> <Y>0.000000</Y> <Z>0.140839</Z>
								<R00>0.421054</R00> <R01>0.880506</R01> <R02>0.217767</R02>
								<R10>-0.905578</R10> <R11>0.421689</R11> <R12>0.045906</R12>
								<R20>-0.051409</R20> <R21>-0.216534</R21> <R22>0.974921</R22>
							</CoordinateFrame>
							<float name="MaskWeight">0</float>
							<string name="Name">Left Arm</string>
							<float name="Weight">1</float>
						</Properties>
					</Item>
					<Item class="Pose" referent="RBX194">
						<Properties>
							<CoordinateFrame name="CFrame">
								<X>0.183756</X> <Y>0.000000</Y> <Z>-0.056946</Z>
								<R00>0.948219</R00> <R01>-0.081558</R01> <R02>0.306969</R02>
								<R10>0.085696</R10> <R11>0.996321</R11> <R12>0.000000</R12>
								<R20>-0.305839</R20> <R21>0.026306</R21> <R22>0.951720</R22>
							</CoordinateFrame>
							<float name="MaskWeight">0</float>
							<string name="Name">Left Leg</string>
							<float name="Weight">1</float>
						</Properties>
					</Item>
					<Item class="Pose" referent="RBX197">
						<Properties>
							<CoordinateFrame name="CFrame">
								<X>0.361385</X> <Y>0.000000</Y> <Z>-0.025815</Z>
								<R00>0.951714</R00> <R01>0.027347</R01> <R02>0.305765</R02>
								<R10>-0.037404</R10> <R11>0.998933</R11> <R12>0.027081</R12>
								<R20>-0.304699</R20> <R21>-0.037210</R21> <R22>0.951722</R22>
							</CoordinateFrame>
							<float name="MaskWeight">0</float>
							<string name="Name">Right Leg</string>
							<float name="Weight">1</float>
						</Properties>
					</Item>
				</Item>
			</Item>
		</Item>
		<Item class="Keyframe" referent="RBX199">
			<Properties>
				<string name="Name">Keyframe</string>
				<float name="Time">0.306818</float>
			</Properties>
			<Item class="Pose" referent="RBX202">
				<Properties>
					<CoordinateFrame name="CFrame">
						<X>0.000000</X> <Y>-0.000000</Y> <Z>0.000000</Z>
						<R00>1.000000</R00> <R01>0.000000</R01> <R02>0.000000</R02>
						<R10>-0.000000</R10> <R11>1.000000</R11> <R12>-0.000000</R12>
						<R20>0.000000</R20> <R21>0.000000</R21> <R22>1.000000</R22>
					</CoordinateFrame>
					<float name="MaskWeight">0</float>
					<string name="Name">HumanoidRootPart</string>
					<float name="Weight">1</float>
				</Properties>
				<Item class="Pose" referent="RBX203">
					<Properties>
						<CoordinateFrame name="CFrame">
							<X>0.000000</X> <Y>-0.000000</Y> <Z>0.000000</Z>
							<R00>0.950927</R00> <R01>0.309415</R01> <R02>0.000000</R02>
							<R10>-0.309415</R10> <R11>0.950927</R11> <R12>-0.000000</R12>
							<R20>-0.000000</R20> <R21>-0.000000</R21> <R22>1.000000</R22>
						</CoordinateFrame>
						<float name="MaskWeight">0</float>
						<string name="Name">Torso</string>
						<float name="Weight">1</float>
					</Properties>
					<Item class="Pose" referent="RBX206">
						<Properties>
							<CoordinateFrame name="CFrame">
								<X>-0.074127</X> <Y>0.000000</Y> <Z>0.148765</Z>
								<R00>0.961542</R00> <R01>0.221284</R01> <R02>-0.162698</R02>
								<R10>-0.194181</R10> <R11>0.966629</R11> <R12>0.167102</R12>
								<R20>0.194245</R20> <R21>-0.129083</R21> <R22>0.972423</R22>
							</CoordinateFrame>
							<float name="MaskWeight">0</float>
							<string name="Name">Right Arm</string>
							<float name="Weight">1</float>
						</Properties>
					</Item>
					<Item class="Pose" referent="RBX209">
						<Properties>
							<CoordinateFrame name="CFrame">
								<X>0.000000</X> <Y>0.000000</Y> <Z>0.000000</Z>
								<R00>0.899405</R00> <R01>-0.437006</R01> <R02>-0.009826</R02>
								<R10>0.436300</R10> <R11>0.896127</R11> <R12>0.081235</R12>
								<R20>-0.026695</R20> <R21>-0.077351</R21> <R22>0.996647</R22>
							</CoordinateFrame>
							<float name="MaskWeight">0</float>
							<string name="Name">Head</string>
							<float name="Weight">1</float>
						</Properties>
					</Item>
					<Item class="Pose" referent="RBX213">
						<Properties>
							<CoordinateFrame name="CFrame">
								<X>-0.307597</X> <Y>0.000000</Y> <Z>0.167973</Z>
								<R00>0.229004</R00> <R01>0.938414</R01> <R02>0.258722</R02>
								<R10>-0.973406</R10> <R11>0.222451</R11> <R12>0.054742</R12>
								<R20>-0.006182</R20> <R21>-0.264377</R21> <R22>0.964400</R22>
							</CoordinateFrame>
							<float name="MaskWeight">0</float>
							<string name="Name">Left Arm</string>
							<float name="Weight">1</float>
						</Properties>
					</Item>
					<Item class="Pose" referent="RBX216">
						<Properties>
							<CoordinateFrame name="CFrame">
								<X>0.189017</X> <Y>0.000000</Y> <Z>-0.058576</Z>
								<R00>0.945246</R00> <R01>-0.083642</R01> <R02>0.315458</R02>
								<R10>0.088143</R10> <R11>0.996108</R11> <R12>0.000000</R12>
								<R20>-0.314230</R20> <R21>0.027805</R21> <R22>0.948940</R22>
							</CoordinateFrame>
							<float name="MaskWeight">0</float>
							<string name="Name">Left Leg</string>
							<float name="Weight">1</float>
						</Properties>
					</Item>
					<Item class="Pose" referent="RBX219">
						<Properties>
							<CoordinateFrame name="CFrame">
								<X>0.368842</X> <Y>0.000000</Y> <Z>-0.026348</Z>
								<R00>0.949725</R00> <R01>0.027667</R01> <R02>0.311859</R02>
								<R10>-0.038175</R10> <R11>0.998889</R11> <R12>0.027640</R12>
								<R20>-0.310748</R20> <R21>-0.038155</R21> <R22>0.949726</R22>
							</CoordinateFrame>
