<roblox xmlns:xmime="http://www.w3.org/2005/05/xmlmime" xmlns:xsi="http://www.w3.org/2001/XMLSchema-instance" xsi:noNamespaceSchemaLocation="http://www.mulrbx.com/roblox.xsd" version="4" assettype="animation">
   <External>null</External>
   <External>nil</External>
   <Item class="KeyframeSequence" referent="RBX0">
		<Properties>
			<bool name="Loop">false</bool>
			<string name="Name">Test</string>
			<token name="Priority">1000</token>
		</Properties>
		<Item class="Keyframe" referent="RBX1">
			<Properties>
				<string name="Name">Keyframe</string>
				<float name="Time">0.000000</float>
			</Properties>
			<Item class="Pose" referent="RBX4">
				<Properties>
					<CoordinateFrame name="CFrame">
						<X>0.000000</X> <Y>-0.000000</Y> <Z>0.000000</Z>
						<R00>1.000000</R00> <R01>0.000000</R01> <R02>0.000000</R02>
						<R10>-0.000000</R10> <R11>1.000000</R11> <R12>-0.000000</R12>
						<R20>0.000000</R20> <R21>0.000000</R21> <R22>1.000000</R22>
					</CoordinateFrame>
					<float name="MaskWeight">0</float>
					<string name="Name">HumanoidRootPart</string>
					<float name="Weight">1</float>
				</Properties>
				<Item class="Pose" referent="RBX5">
					<Properties>
						<CoordinateFrame name="CFrame">
							<X>0.000000</X> <Y>0.000000</Y> <Z>-0.000360</Z>
							<R00>1.000000</R00> <R01>0.000000</R01> <R02>0.000000</R02>
							<R10>-0.000000</R10> <R11>1.000000</R11> <R12>-0.000000</R12>
							<R20>0.000000</R20> <R21>0.000000</R21> <R22>1.000000</R22>
						</CoordinateFrame>
						<float name="MaskWeight">0</float>
						<string name="Name">Torso</string>
						<float name="Weight">1</float>
					</Properties>
					<Item class="Pose" referent="RBX8">
						<Properties>
							<CoordinateFrame name="CFrame">
								<X>-0.199004</X> <Y>0.073209</Y> <Z>0.005044</Z>
								<R00>0.706690</R00> <R01>0.705517</R01> <R02>-0.053247</R02>
								<R10>-0.704246</R10> <R11>0.708657</R11> <R12>0.042940</R12>
								<R20>0.068028</R20> <R21>0.007153</R21> <R22>0.997658</R22>
							</CoordinateFrame>
							<float name="MaskWeight">0</float>
							<string name="Name">Right Arm</string>
							<float name="Weight">1</float>
						</Properties>
					</Item>
					<Item class="Pose" referent="RBX11">
						<Properties>
							<CoordinateFrame name="CFrame">
								<X>0.000000</X> <Y>0.000000</Y> <Z>0.000000</Z>
								<R00>0.999394</R00> <R01>-0.034802</R01> <R02>0.000936</R02>
								<R10>0.034815</R10> <R11>0.998939</R11> <R12>-0.030136</R12>
								<R20>0.000114</R20> <R21>0.030150</R21> <R22>0.999545</R22>
							</CoordinateFrame>
							<float name="MaskWeight">0</float>
							<string name="Name">Head</string>
							<float name="Weight">1</float>
						</Properties>
					</Item>
					<Item class="Pose" referent="RBX15">
						<Properties>
							<CoordinateFrame name="CFrame">
								<X>-0.289511</X> <Y>-0.043183</Y> <Z>0.020773</Z>
								<R00>0.563190</R00> <R01>0.824123</R01> <R02>0.060314</R02>
								<R10>-0.826308</R10> <R11>0.562174</R11> <R12>0.034287</R12>
								<R20>-0.005651</R20> <R21>-0.069148</R21> <R22>0.997590</R22>
							</CoordinateFrame>
							<float name="MaskWeight">0</float>
							<string name="Name">Left Arm</string>
							<float name="Weight">1</float>
						</Properties>
					</Item>
					<Item class="Pose" referent="RBX18">
						<Properties>
							<CoordinateFrame name="CFrame">
								<X>0.031343</X> <Y>-0.129369</Y> <Z>-0.014998</Z>
								<R00>0.506022</R00> <R01>-0.860926</R01> <R02>0.052430</R02>
								<R10>0.860312</R10> <R11>0.508140</R11> <R12>0.040705</R12>
								<R20>-0.061685</R20> <R21>0.024508</R21> <R22>0.997795</R22>
							</CoordinateFrame>
							<float name="MaskWeight">0</float>
							<string name="Name">Left Leg</string>
							<float name="Weight">1</float>
						</Properties>
					</Item>
					<Item class="Pose" referent="RBX21">
						<Properties>
							<CoordinateFrame name="CFrame">
								<X>0.065869</X> <Y>-0.286680</Y> <Z>-0.010329</Z>
								<R00>0.704032</R00> <R01>-0.710166</R01> <R02>0.001527</R02>
								<R10>0.710161</R10> <R11>0.704033</R11> <R12>0.002839</R12>
								<R20>-0.003092</R20> <R21>-0.000915</R21> <R22>0.999995</R22>
							</CoordinateFrame>
							<float name="MaskWeight">0</float>
							<string name="Name">Right Leg</string>
							<float name="Weight">1</float>
						</Properties>
					</Item>
				</Item>
			</Item>
		</Item>
		<Item class="Keyframe" referent="RBX23">
			<Properties>
				<string name="Name">Keyframe</string>
				<float name="Time">0.031746</float>
			</Properties>
			<Item class="Pose" referent="RBX26">
				<Properties>
					<CoordinateFrame name="CFrame">
						<X>0.000000</X> <Y>-0.000000</Y> <Z>0.000000</Z>
						<R00>1.000000</R00> <R01>0.000000</R01> <R02>0.000000</R02>
						<R10>-0.000000</R10> <R11>1.000000</R11> <R12>-0.000000</R12>
						<R20>0.000000</R20> <R21>0.000000</R21> <R22>1.000000</R22>
					</CoordinateFrame>
					<float name="MaskWeight">0</float>
					<string name="Name">HumanoidRootPart</string>
					<float name="Weight">1</float>
				</Properties>
				<Item class="Pose" referent="RBX27">
					<Properties>
						<CoordinateFrame name="CFrame">
							<X>0.000000</X> <Y>0.000000</Y> <Z>-0.000360</Z>
							<R00>1.000000</R00> <R01>0.001049</R01> <R02>0.000000</R02>
							<R10>-0.001049</R10> <R11>1.000000</R11> <R12>-0.000000</R12>
							<R20>-0.000000</R20> <R21>0.000000</R21> <R22>1.000000</R22>
						</CoordinateFrame>
						<float name="MaskWeight">0</float>
						<string name="Name">Torso</string>
						<float name="Weight">1</float>
					</Properties>
					<Item class="Pose" referent="RBX30">
						<Properties>
							<CoordinateFrame name="CFrame">
								<X>-0.190430</X> <Y>0.068061</Y> <Z>0.005912</Z>
								<R00>0.760670</R00> <R01>0.647121</R01> <R02>-0.051145</R02>
								<R10>-0.645437</R10> <R11>0.762383</R11> <R12>0.046720</R12>
								<R20>0.069226</R20> <R21>-0.002528</R21> <R22>0.997598</R22>
							</CoordinateFrame>
							<float name="MaskWeight">0</float>
							<string name="Name">Right Arm</string>
							<float name="Weight">1</float>
						</Properties>
					</Item>
					<Item class="Pose" referent="RBX33">
						<Properties>
							<CoordinateFrame name="CFrame">
								<X>0.000000</X> <Y>-0.000000</Y> <Z>0.000000</Z>
								<R00>0.999408</R00> <R01>-0.034376</R01> <R02>0.000936</R02>
								<R10>0.034389</R10> <R11>0.998954</R11> <R12>-0.030136</R12>
								<R20>0.000101</R20> <R21>0.030151</R21> <R22>0.999545</R22>
							</CoordinateFrame>
							<float name="MaskWeight">0</float>
							<string name="Name">Head</string>
							<float name="Weight">1</float>
						</Properties>
					</Item>
					<Item class="Pose" referent="RBX37">
						<Properties>
							<CoordinateFrame name="CFrame">
								<X>-0.274348</X> <Y>-0.048401</Y> <Z>0.020104</Z>
								<R00>0.595425</R00> <R01>0.801352</R01> <R02>0.057476</R02>
								<R10>-0.803387</R10> <R11>0.594430</R11> <R12>0.034955</R12>
								<R20>-0.006154</R20> <R21>-0.066989</R21> <R22>0.997735</R22>
							</CoordinateFrame>
							<float name="MaskWeight">0</float>
							<string name="Name">Left Arm</string>
							<float name="Weight">1</float>
						</Properties>
					</Item>
					<Item class="Pose" referent="RBX40">
						<Properties>
							<CoordinateFrame name="CFrame">
								<X>0.027162</X> <Y>-0.140642</Y> <Z>-0.015060</Z>
								<R00>0.408963</R00> <R01>-0.910692</R01> <R02>0.058220</R02>
								<R10>0.910220</R10> <R11>0.411645</R11> <R12>0.045254</R12>
								<R20>-0.065178</R20> <R21>0.034486</R21> <R22>0.997277</R22>
							</CoordinateFrame>
							<float name="MaskWeight">0</float>
							<string name="Name">Left Leg</string>
							<float name="Weight">1</float>
						</Properties>
					</Item>
					<Item class="Pose" referent="RBX43">
						<Properties>
							<CoordinateFrame name="CFrame">
								<X>0.038171</X> <Y>-0.267291</Y> <Z>0.002973</Z>
								<R00>0.733408</R00> <R01>-0.679781</R01> <R02>0.003121</R02>
								<R10>0.679775</R10> <R11>0.733415</R11> <R12>0.002886</R12>
								<R20>-0.004251</R20> <R21>0.000005</R21> <R22>0.999991</R22>
							</CoordinateFrame>
							<float name="MaskWeight">0</float>
							<string name="Name">Right Leg</string>
							<float name="Weight">1</float>
						</Properties>
					</Item>
				</Item>
			</Item>
		</Item>
		<Item class="Keyframe" referent="RBX45">
			<Properties>
				<string name="Name">Keyframe</string>
				<float name="Time">0.063492</float>
			</Properties>
			<Item class="Pose" referent="RBX48">
				<Properties>
					<CoordinateFrame name="CFrame">
						<X>0.000000</X> <Y>-0.000000</Y> <Z>0.000000</Z>
						<R00>1.000000</R00> <R01>0.000000</R01> <R02>0.000000</R02>
						<R10>-0.000000</R10> <R11>1.000000</R11> <R12>-0.000000</R12>
						<R20>0.000000</R20> <R21>0.000000</R21> <R22>1.000000</R22>
					</CoordinateFrame>
					<float name="MaskWeight">0</float>
					<string name="Name">HumanoidRootPart</string>
					<float name="Weight">1</float>
				</Properties>
				<Item class="Pose" referent="RBX49">
					<Properties>
						<CoordinateFrame name="CFrame">
							<X>0.000000</X> <Y>-0.000000</Y> <Z>-0.000120</Z>
							<R00>0.999992</R00> <R01>0.003911</R01> <R02>0.000000</R02>
							<R10>-0.003911</R10> <R11>0.999992</R11> <R12>-0.000000</R12>
							<R20>-0.000000</R20> <R21>-0.000000</R21> <R22>1.000000</R22>
						</CoordinateFrame>
						<float name="MaskWeight">0</float>
						<string name="Name">Torso</string>
						<float name="Weight">1</float>
					</Properties>
					<Item class="Pose" referent="RBX52">
						<Properties>
							<CoordinateFrame name="CFrame">
								<X>-0.167661</X> <Y>0.054780</Y> <Z>0.008108</Z>
								<R00>0.875038</R00> <R01>0.481887</R01> <R02>-0.045754</R02>
								<R10>-0.479406</R10> <R11>0.875822</R11> <R12>0.055722</R12>
								<R20>0.066924</R20> <R21>-0.026825</R21> <R22>0.997397</R22>
							</CoordinateFrame>
							<float name="MaskWeight">0</float>
							<string name="Name">Right Arm</string>
							<float name="Weight">1</float>
						</Properties>
					</Item>
					<Item class="Pose" referent="RBX55">
						<Properties>
							<CoordinateFrame name="CFrame">
								<X>0.000000</X> <Y>0.000000</Y> <Z>0.000000</Z>
								<R00>0.999448</R00> <R01>-0.033214</R01> <R02>0.000936</R02>
								<R10>0.033227</R10> <R11>0.998993</R11> <R12>-0.030136</R12>
								<R20>0.000066</R20> <R21>0.030151</R21> <R22>0.999545</R22>
							</CoordinateFrame>
							<float name="MaskWeight">0</float>
							<string name="Name">Head</string>
							<float name="Weight">1</float>
						</Properties>
					</Item>
					<Item class="Pose" referent="RBX59">
						<Properties>
							<CoordinateFrame name="CFrame">
								<X>-0.235524</X> <Y>-0.061020</Y> <Z>0.018379</Z>
								<R00>0.675244</R00> <R01>0.735874</R01> <R02>0.050344</R02>
								<R10>-0.737561</R10> <R11>0.674290</R11> <R12>0.036572</R12>
								<R20>-0.007034</R20> <R21>-0.061827</R21> <R22>0.998062</R22>
							</CoordinateFrame>
							<float name="MaskWeight">0</float>
							<string name="Name">Left Arm</string>
							<float name="Weight">1</float>
						</Properties>
					</Item>
					<Item class="Pose" referent="RBX62">
						<Properties>
							<CoordinateFrame name="CFrame">
								<X>0.015928</X> <Y>-0.165271</Y> <Z>-0.015235</Z>
								<R00>0.410072</R00> <R01>-0.910214</R01> <R02>0.057888</R02>
								<R10>0.909694</R10> <R11>0.412748</R11> <R12>0.045773</R12>
								<R20>-0.065557</R20> <R21>0.033890</R21> <R22>0.997273</R22>
							</CoordinateFrame>
							<float name="MaskWeight">0</float>
							<string name="Name">Left Leg</string>
							<float name="Weight">1</float>
						</Properties>
					</Item>
					<Item class="Pose" referent="RBX65">
						<Properties>
							<CoordinateFrame name="CFrame">
								<X>0.013765</X> <Y>-0.217893</Y> <Z>0.012231</Z>
								<R00>0.807547</R00> <R01>-0.589760</R01> <R02>0.007182</R02>
								<R10>0.589755</R10> <R11>0.807576</R11> <R12>0.003013</R12>
								<R20>-0.007577</R20> <R21>0.001802</R21> <R22>0.999970</R22>
							</CoordinateFrame>
							<float name="MaskWeight">0</float>
							<string name="Name">Right Leg</string>
							<float name="Weight">1</float>
						</Properties>
					</Item>
				</Item>
			</Item>
		</Item>
		<Item class="Keyframe" referent="RBX67">
			<Properties>
				<string name="Name">Keyframe</string>
				<float name="Time">0.095238</float>
			</Properties>
			<Item class="Pose" referent="RBX70">
				<Properties>
					<CoordinateFrame name="CFrame">
						<X>0.000000</X> <Y>-0.000000</Y> <Z>0.000000</Z>
						<R00>1.000000</R00> <R01>0.000000</R01> <R02>0.000000</R02>
						<R10>-0.000000</R10> <R11>1.000000</R11> <R12>-0.000000</R12>
						<R20>0.000000</R20> <R21>0.000000</R21> <R22>1.000000</R22>
					</CoordinateFrame>
					<float name="MaskWeight">0</float>
					<string name="Name">HumanoidRootPart</string>
					<float name="Weight">1</float>
				</Properties>
				<Item class="Pose" referent="RBX71">
					<Properties>
						<CoordinateFrame name="CFrame">
							<X>0.000000</X> <Y>-0.000000</Y> <Z>0.000667</Z>
							<R00>0.999967</R00> <R01>0.008160</R01> <R02>0.000000</R02>
							<R10>-0.008160</R10> <R11>0.999967</R11> <R12>-0.000000</R12>
							<R20>-0.000000</R20> <R21>-0.000000</R21> <R22>1.000000</R22>
						</CoordinateFrame>
						<float name="MaskWeight">0</float>
						<string name="Name">Torso</string>
						<float name="Weight">1</float>
					</Properties>
					<Item class="Pose" referent="RBX74">
						<Properties>
							<CoordinateFrame name="CFrame">
								<X>-0.135130</X> <Y>0.036612</Y> <Z>0.011018</Z>
								<R00>0.971532</R00> <R01>0.233767</R01> <R02>-0.038445</R02>
								<R10>-0.230937</R10> <R11>0.970697</R11> <R12>0.066441</R12>
								<R20>0.052850</R20> <R21>-0.055671</R21> <R22>0.997049</R22>
							</CoordinateFrame>
							<float name="MaskWeight">0</float>
							<string name="Name">Right Arm</string>
							<float name="Weight">1</float>
						</Properties>
					</Item>
					<Item class="Pose" referent="RBX77">
						<Properties>
							<CoordinateFrame name="CFrame">
								<X>0.000000</X> <Y>-0.000000</Y> <Z>0.000000</Z>
								<R00>0.999504</R00> <R01>-0.031487</R01> <R02>0.000936</R02>
								<R10>0.031501</R10> <R11>0.999049</R11> <R12>-0.030136</R12>
								<R20>0.000014</R20> <R21>0.030151</R21> <R22>0.999545</R22>
							</CoordinateFrame>
							<float name="MaskWeight">0</float>
							<string name="Name">Head</string>
							<float name="Weight">1</float>
						</Properties>
					</Item>
					<Item class="Pose" referent="RBX81">
						<Properties>
							<CoordinateFrame name="CFrame">
								<X>-0.183036</X> <Y>-0.076485</Y> <Z>0.016022</Z>
								<R00>0.774550</R00> <R01>0.631182</R01> <R02>0.040993</R02>
								<R10>-0.632469</R10> <R11>0.773626</R11> <R12>0.038552</R12>
								<R20>-0.007380</R20> <R21>-0.055788</R21> <R22>0.998415</R22>
							</CoordinateFrame>
							<float name="MaskWeight">0</float>
							<string name="Name">Left Arm</string>
							<float name="Weight">1</float>
						</Properties>
					</Item>
					<Item class="Pose" referent="RBX84">
						<Properties>
							<CoordinateFrame name="CFrame">
								<X>-0.000396</X> <Y>-0.189470</Y> <Z>-0.015508</Z>
								<R00>0.491347</R00> <R01>-0.869359</R01> <R02>0.052858</R02>
								<R10>0.868647</R10> <R11>0.493560</R11> <R12>0.043020</R12>
								<R20>-0.063488</R20> <R21>0.024777</R21> <R22>0.997675</R22>
							</CoordinateFrame>
							<float name="MaskWeight">0</float>
							<string name="Name">Left Leg</string>
							<float name="Weight">1</float>
						</Properties>
					</Item>
					<Item class="Pose" referent="RBX87">
						<Properties>
							<CoordinateFrame name="CFrame">
								<X>-0.006844</X> <Y>-0.151640</Y> <Z>0.017860</Z>
								<R00>0.898260</R00> <R01>-0.439283</R01> <R02>0.012628</R02>
								<R10>0.439280</R10> <R11>0.898345</R11> <R12>0.003205</R12>
								<R20>-0.012752</R20> <R21>0.002668</R21> <R22>0.999915</R22>
							</CoordinateFrame>
							<float name="MaskWeight">0</float>
							<string name="Name">Right Leg</string>
							<float name="Weight">1</float>
						</Properties>
					</Item>
				</Item>
			</Item>
		</Item>
		<Item class="Keyframe" referent="RBX89">
			<Properties>
				<string name="Name">Keyframe</string>
				<float name="Time">0.126984</float>
			</Properties>
			<Item class="Pose" referent="RBX92">
				<Properties>
					<CoordinateFrame name="CFrame">
						<X>0.000000</X> <Y>-0.000000</Y> <Z>0.000000</Z>
						<R00>1.000000</R00> <R01>0.000000</R01> <R02>0.000000</R02>
						<R10>-0.000000</R10> <R11>1.000000</R11> <R12>-0.000000</R12>
						<R20>0.000000</R20> <R21>0.000000</R21> <R22>1.000000</R22>
					</CoordinateFrame>
					<float name="MaskWeight">0</float>
					<string name="Name">HumanoidRootPart</string>
					<float name="Weight">1</float>
				</Properties>
				<Item class="Pose" referent="RBX93">
					<Properties>
						<CoordinateFrame name="CFrame">
							<X>0.000000</X> <Y>-0.000000</Y> <Z>0.001652</Z>
							<R00>0.999911</R00> <R01>0.013368</R01> <R02>0.000000</R02>
							<R10>-0.013368</R10> <R11>0.999911</R11> <R12>-0.000000</R12>
							<R20>-0.000000</R20> <R21>-0.000000</R21> <R22>1.000000</R22>
						</CoordinateFrame>
						<float name="MaskWeight">0</float>
						<string name="Name">Torso</string>
						<float name="Weight">1</float>
					</Properties>
					<Item class="Pose" referent="RBX96">
						<Properties>
							<CoordinateFrame name="CFrame">
								<X>-0.097269</X> <Y>0.016811</Y> <Z>0.014026</Z>
								<R00>0.998713</R00> <R01>-0.040460</R01> <R02>-0.030596</R02>
								<R10>0.042669</R10> <R11>0.996242</R11> <R12>0.075374</R12>
								<R20>0.027431</R20> <R21>-0.076583</R21> <R22>0.996686</R22>
							</CoordinateFrame>
							<float name="MaskWeight">0</float>
							<string name="Name">Right Arm</string>
							<float name="Weight">1</float>
						</Properties>
					</Item>
					<Item class="Pose" referent="RBX99">
						<Properties>
							<CoordinateFrame name="CFrame">
								<X>0.000000</X> <Y>-0.000000</Y> <Z>0.000000</Z>
								<R00>0.999568</R00> <R01>-0.029371</R01> <R02>0.000936</R02>
								<R10>0.029386</R10> <R11>0.999114</R11> <R12>-0.030136</R12>
								<R20>-0.000050</R20> <R21>0.030151</R21> <R22>0.999545</R22>
							</CoordinateFrame>
							<float name="MaskWeight">0</float>
							<string name="Name">Head</string>
							<float name="Weight">1</float>
						</Properties>
					</Item>
					<Item class="Pose" referent="RBX103">
						<Properties>
							<CoordinateFrame name="CFrame">
								<X>-0.126898</X> <Y>-0.090241</Y> <Z>0.013457</Z>
								<R00>0.866976</R00> <R01>0.497353</R01> <R02>0.031499</R02>
								<R10>-0.498297</R10> <R11>0.866069</R11> <R12>0.040314</R12>
								<R20>-0.007230</R20> <R21>-0.050648</R21> <R22>0.998690</R22>
							</CoordinateFrame>
							<float name="MaskWeight">0</float>
							<string name="Name">Left Arm</string>
							<float name="Weight">1</float>
						</Properties>
					</Item>
					<Item class="Pose" referent="RBX106">
						<Properties>
							<CoordinateFrame name="CFrame">
								<X>-0.019849</X> <Y>-0.199343</Y> <Z>-0.015862</Z>
								<R00>0.624149</R00> <R01>-0.780034</R01> <R02>0.044542</R02>
								<R10>0.779200</R10> <R11>0.625637</R11> <R12>0.037748</R12>
								<R20>-0.057312</R20> <R21>0.011146</R21> <R22>0.998294</R22>
							</CoordinateFrame>
							<float name="MaskWeight">0</float>
							<string name="Name">Left Leg</string>
							<float name="Weight">1</float>
						</Properties>
					</Item>
					<Item class="Pose" referent="RBX109">
						<Properties>
							<CoordinateFrame name="CFrame">
								<X>-0.023150</X> <Y>-0.081688</Y> <Z>0.020278</Z>
								<R00>0.972393</R00> <R01>-0.232623</R01> <R02>0.018377</R02>
								<R10>0.232599</R10> <R11>0.972567</R11> <R12>0.003446</R12>
								<R20>-0.018675</R20> <R21>0.000924</R21> <R22>0.999825</R22>
							</CoordinateFrame>
							<float name="MaskWeight">0</float>
							<string name="Name">Right Leg</string>
							<float name="Weight">1</float>
						</Properties>
					</Item>
				</Item>
			</Item>
		</Item>
		<Item class="Keyframe" referent="RBX111">
			<Properties>
				<string name="Name">Keyframe</string>
				<float name="Time">0.158730</float>
			</Properties>
			<Item class="Pose" referent="RBX114">
				<Properties>
					<CoordinateFrame name="CFrame">
						<X>0.000000</X> <Y>-0.000000</Y> <Z>0.000000</Z>
						<R00>1.000000</R00> <R01>0.000000</R01> <R02>0.000000</R02>
						<R10>-0.000000</R10> <R11>1.000000</R11> <R12>-0.000000</R12>
						<R20>0.000000</R20> <R21>0.000000</R21> <R22>1.000000</R22>
					</CoordinateFrame>
					<float name="MaskWeight">0</float>
					<string name="Name">HumanoidRootPart</string>
					<float name="Weight">1</float>
				</Properties>
				<Item class="Pose" referent="RBX115">
					<Properties>
						<CoordinateFrame name="CFrame">
							<X>0.000000</X> <Y>-0.000000</Y> <Z>0.002256</Z>
							<R00>0.999817</R00> <R01>0.019110</R01> <R02>0.000000</R02>
							<R10>-0.019110</R10> <R11>0.999817</R11> <R12>-0.000000</R12>
							<R20>0.000000</R20> <R21>-0.000000</R21> <R22>1.000000</R22>
						</CoordinateFrame>
						<float name="MaskWeight">0</float>
						<string name="Name">Torso</string>
						<float name="Weight">1</float>
					</Properties>
					<Item class="Pose" referent="RBX118">
						<Properties>
							<CoordinateFrame name="CFrame">
								<X>-0.058511</X> <Y>-0.000973</Y> <Z>0.016462</Z>
								<R00>0.964840</R00> <R01>-0.261765</R01> <R02>-0.023731</R02>
								<R10>0.262830</R10> <R11>0.961600</R11> <R12>0.079032</R12>
								<R20>0.002132</R20> <R21>-0.082490</R21> <R22>0.996590</R22>
							</CoordinateFrame>
							<float name="MaskWeight">0</float>
							<string name="Name">Right Arm</string>
							<float name="Weight">1</float>
						</Properties>
					</Item>
					<Item class="Pose" referent="RBX121">
						<Properties>
							<CoordinateFrame name="CFrame">
								<X>0.000000</X> <Y>0.000000</Y> <Z>0.000000</Z>
								<R00>0.999634</R00> <R01>-0.027038</R01> <R02>0.000936</R02>
								<R10>0.027054</R10> <R11>0.999180</R11> <R12>-0.030136</R12>
								<R20>-0.000120</R20> <R21>0.030150</R21> <R22>0.999545</R22>
							</CoordinateFrame>
							<float name="MaskWeight">0</float>
							<string name="Name">Head</string>
							<float name="Weight">1</float>
						</Properties>
					</Item>
					<Item class="Pose" referent="RBX125">
						<Properties>
							<CoordinateFrame name="CFrame">
								<X>-0.078017</X> <Y>-0.097737</Y> <Z>0.011146</Z>
								<R00>0.933810</R00> <R01>0.356961</R01> <R02>0.024021</R02>
								<R10>-0.357686</R10> <R11>0.932929</R11> <R12>0.041274</R12>
								<R20>-0.007677</R20> <R21>-0.047135</R21> <R22>0.998859</R22>
							</CoordinateFrame>
							<float name="MaskWeight">0</float>
							<string name="Name">Left Arm</string>
							<float name="Weight">1</float>
						</Properties>
					</Item>
					<Item class="Pose" referent="RBX128">
						<Properties>
							<CoordinateFrame name="CFrame">
								<X>-0.040467</X> <Y>-0.163161</Y> <Z>-0.016281</Z>
								<R00>0.772734</R00> <R01>-0.633799</R01> <R02>0.034356</R02>
								<R10>0.633058</R10> <R11>0.773495</R11> <R12>0.030714</R12>
								<R20>-0.046041</R20> <R21>-0.001984</R21> <R22>0.998938</R22>
							</CoordinateFrame>
							<float name="MaskWeight">0</float>
							<string name="Name">Left Leg</string>
							<float name="Weight">1</float>
						</Properties>
					</Item>
					<Item class="Pose" referent="RBX131">
						<Properties>
							<CoordinateFrame name="CFrame">
								<X>-0.034647</X> <Y>-0.021191</Y> <Z>0.019901</Z>
								<R00>0.999628</R00> <R01>0.014126</R01> <R02>0.023349</R02>
								<R10>-0.014216</R10> <R11>0.999892</R11> <R12>0.003718</R12>
								<R20>-0.023294</R20> <R21>-0.004049</R21> <R22>0.999720</R22>
							</CoordinateFrame>
							<float name="MaskWeight">0</float>
							<string name="Name">Right Leg</string>
							<float name="Weight">1</float>
						</Properties>
					</Item>
				</Item>
			</Item>
		</Item>
		<Item class="Keyframe" referent="RBX133">
			<Properties>
				<string name="Name">Keyframe</string>
				<float name="Time">0.190476</float>
			</Properties>
			<Item class="Pose" referent="RBX136">
				<Properties>
					<CoordinateFrame name="CFrame">
						<X>0.000000</X> <Y>-0.000000</Y> <Z>0.000000</Z>
						<R00>1.000000</R00> <R01>0.000000</R01> <R02>0.000000</R02>
						<R10>-0.000000</R10> <R11>1.000000</R11> <R12>-0.000000</R12>
						<R20>0.000000</R20> <R21>0.000000</R21> <R22>1.000000</R22>
					</CoordinateFrame>
					<float name="MaskWeight">0</float>
					<string name="Name">HumanoidRootPart</string>
					<float name="Weight">1</float>
				</Properties>
				<Item class="Pose" referent="RBX137">
					<Properties>
						<CoordinateFrame name="CFrame">
							<X>0.000000</X> <Y>-0.000000</Y> <Z>0.002156</Z>
							<R00>0.999689</R00> <R01>0.024957</R01> <R02>0.000000</R02>
							<R10>-0.024957</R10> <R11>0.999689</R11> <R12>-0.000000</R12>
							<R20>0.000000</R20> <R21>-0.000000</R21> <R22>1.000000</R22>
						</CoordinateFrame>
						<float name="MaskWeight">0</float>
						<string name="Name">Torso</string>
						<float name="Weight">1</float>
					</Properties>
					<Item class="Pose" referent="RBX140">
						<Properties>
							<CoordinateFrame name="CFrame">
								<X>-0.022641</X> <Y>-0.018190</Y> <Z>0.018372</Z>
								<R00>0.904009</R00> <R01>-0.427160</R01> <R02>-0.017386</R02>
								<R10>0.427181</R10> <R11>0.900955</R11> <R12>0.076133</R12>
								<R20>-0.016857</R20> <R21>-0.076251</R21> <R22>0.996946</R22>
							</CoordinateFrame>
							<float name="MaskWeight">0</float>
							<string name="Name">Right Arm</string>
							<float name="Weight">1</float>
						</Properties>
					</Item>
					<Item class="Pose" referent="RBX143">
						<Properties>
							<CoordinateFrame name="CFrame">
								<X>-0.000000</X> <Y>0.000000</Y> <Z>0.000000</Z>
								<R00>0.999695</R00> <R01>-0.024662</R01> <R02>0.000936</R02>
								<R10>0.024679</R10> <R11>0.999241</R11> <R12>-0.030136</R12>
								<R20>-0.000192</R20> <R21>0.030150</R21> <R22>0.999546</R22>
							</CoordinateFrame>
							<float name="MaskWeight">0</float>
							<string name="Name">Head</string>
							<float name="Weight">1</float>
						</Properties>
					</Item>
					<Item class="Pose" referent="RBX147">
						<Properties>
							<CoordinateFrame name="CFrame">
								<X>-0.035076</X> <Y>-0.085954</Y> <Z>0.009059</Z>
								<R00>0.978884</R00> <R01>0.203478</R01> <R02>0.019548</R02>
								<R10>-0.204123</R10> <R11>0.978118</R11> <R12>0.040250</R12>
								<R20>-0.010930</R20> <R21>-0.043390</R21> <R22>0.998998</R22>
							</CoordinateFrame>
							<float name="MaskWeight">0</float>
							<string name="Name">Left Arm</string>
							<float name="Weight">1</float>
						</Properties>
					</Item>
					<Item class="Pose" referent="RBX150">
						<Properties>
							<CoordinateFrame name="CFrame">
								<X>-0.060287</X> <Y>-0.086436</Y> <Z>-0.016750</Z>
								<R00>0.900223</R00> <R01>-0.434782</R01> <R02>0.023722</R02>
								<R10>0.434308</R10> <R11>0.900479</R11> <R12>0.022671</R12>
								<R20>-0.031218</R20> <R21>-0.010106</R21> <R22>0.999462</R22>
							</CoordinateFrame>
							<float name="MaskWeight">0</float>
							<string name="Name">Left Leg</string>
							<float name="Weight">1</float>
						</Properties>
					</Item>
					<Item class="Pose" referent="RBX153">
						<Properties>
							<CoordinateFrame name="CFrame">
								<X>-0.040828</X> <Y>0.016697</Y> <Z>0.017145</Z>
								<R00>0.961591</R00> <R01>0.273208</R01> <R02>0.026463</R02>
								<R10>-0.273404</R10> <R11>0.961891</R11> <R12>0.004005</R12>
								<R20>-0.024360</R20> <R21>-0.011086</R21> <R22>0.999642</R22>
							</CoordinateFrame>
							<float name="MaskWeight">0</float>
							<string name="Name">Right Leg</string>
							<float name="Weight">1</float>
						</Properties>
					</Item>
				</Item>
			</Item>
		</Item>
		<Item class="Keyframe" referent="RBX155">
			<Properties>
				<string name="Name">Keyframe</string>
				<float name="Time">0.222222</float>
			</Properties>
			<Item class="Pose" referent="RBX158">
				<Properties>
					<CoordinateFrame name="CFrame">
						<X>0.000000</X> <Y>-0.000000</Y> <Z>0.000000</Z>
						<R00>1.000000</R00> <R01>0.000000</R01> <R02>0.000000</R02>
						<R10>-0.000000</R10> <R11>1.000000</R11> <R12>-0.000000</R12>
						<R20>0.000000</R20> <R21>0.000000</R21> <R22>1.000000</R22>
					</CoordinateFrame>
					<float name="MaskWeight">0</float>
					<string name="Name">HumanoidRootPart</string>
					<float name="Weight">1</float>
				</Properties>
				<Item class="Pose" referent="RBX159">
					<Properties>
						<CoordinateFrame name="CFrame">
							<X>0.000000</X> <Y>0.000000</Y> <Z>0.001704</Z>
							<R00>0.999535</R00> <R01>0.030483</R01> <R02>0.000000</R02>
							<R10>-0.030483</R10> <R11>0.999535</R11> <R12>-0.000000</R12>
							<R20>0.000000</R20> <R21>-0.000000</R21> <R22>1.000000</R22>
						</CoordinateFrame>
						<float name="MaskWeight">0</float>
						<string name="Name">Torso</string>
						<float name="Weight">1</float>
					</Properties>
					<Item class="Pose" referent="RBX162">
						<Properties>
							<CoordinateFrame name="CFrame">
								<X>0.009389</X> <Y>-0.036696</Y> <Z>0.020105</Z>
								<R00>0.824241</R00> <R01>-0.566137</R01> <R02>-0.010770</R02>
								<R10>0.565381</R10> <R11>0.821797</R11> <R12>0.070666</R12>
								<R20>-0.031155</R20> <R21>-0.064335</R21> <R22>0.997442</R22>
							</CoordinateFrame>
							<float name="MaskWeight">0</float>
							<string name="Name">Right Arm</string>
							<float name="Weight">1</float>
						</Properties>
					</Item>
					<Item class="Pose" referent="RBX165">
						<Properties>
							<CoordinateFrame name="CFrame">
								<X>0.000000</X> <Y>0.000000</Y> <Z>0.000000</Z>
								<R00>0.999748</R00> <R01>-0.022416</R01> <R02>0.000936</R02>
								<R10>0.022434</R10> <R11>0.999294</R11> <R12>-0.030136</R12>
								<R20>-0.000260</R20> <R21>0.030150</R21> <R22>0.999546</R22>
							</CoordinateFrame>
							<float name="MaskWeight">0</float>
							<string name="Name">Head</string>
							<float name="Weight">1</float>
						</Properties>
					</Item>
					<Item class="Pose" referent="RBX169">
						<Properties>
							<CoordinateFrame name="CFrame">
								<X>0.004992</X> <Y>-0.046926</Y> <Z>0.007031</Z>
								<R00>0.999330</R00> <R01>0.032305</R01> <R02>0.017187</R02>
								<R10>-0.032926</R10> <R11>0.998768</R11> <R12>0.037138</R12>
								<R20>-0.015966</R20> <R21>-0.037679</R21> <R22>0.999162</R22>
							</CoordinateFrame>
							<float name="MaskWeight">0</float>
							<string name="Name">Left Arm</string>
							<float name="Weight">1</float>
						</Properties>
					</Item>
					<Item class="Pose" referent="RBX172">
						<Properties>
							<CoordinateFrame name="CFrame">
								<X>-0.077348</X> <Y>0.005476</Y> <Z>-0.017201</Z>
								<R00>0.978864</R00> <R01>-0.204027</R01> <R02>0.014067</R02>
								<R10>0.203828</R10> <R11>0.978901</R11> <R12>0.014377</R12>
								<R20>-0.016704</R20> <R21>-0.011206</R21> <R22>0.999798</R22>
							</CoordinateFrame>
							<float name="MaskWeight">0</float>
							<string name="Name">Left Leg</string>
							<float name="Weight">1</float>
						</Properties>
					</Item>
					<Item class="Pose" referent="RBX175">
						<Properties>
							<CoordinateFrame name="CFrame">
								<X>-0.038203</X> <Y>0.017290</Y> <Z>0.012429</Z>
								<R00>0.858369</R00> <R01>0.512328</R01> <R02>0.026892</R02>
								<R10>-0.512608</R10> <R11>0.858612</R11> <R12>0.004291</R12>
								<R20>-0.020891</R20> <R21>-0.017468</R21> <R22>0.999629</R22>
							</CoordinateFrame>
							<float name="MaskWeight">0</float>
							<string name="Name">Right Leg</string>
							<float name="Weight">1</float>
						</Properties>
					</Item>
				</Item>
			</Item>
		</Item>
		<Item class="Keyframe" referent="RBX177">
			<Properties>
				<string name="Name">Keyframe</string>
				<float name="Time">0.253968</float>
			</Properties>
			<Item class="Pose" referent="RBX180">
				<Properties>
					<CoordinateFrame name="CFrame">
						<X>0.000000</X> <Y>-0.000000</Y> <Z>0.000000</Z>
						<R00>1.000000</R00> <R01>0.000000</R01> <R02>0.000000</R02>
						<R10>-0.000000</R10> <R11>1.000000</R11> <R12>-0.000000</R12>
						<R20>0.000000</R20> <R21>0.000000</R21> <R22>1.000000</R22>
					</CoordinateFrame>
					<float name="MaskWeight">0</float>
					<string name="Name">HumanoidRootPart</string>
					<float name="Weight">1</float>
				</Properties>
				<Item class="Pose" referent="RBX181">
					<Properties>
						<CoordinateFrame name="CFrame">
							<X>0.000000</X> <Y>-0.000000</Y> <Z>0.001069</Z>
							<R00>0.999378</R00> <R01>0.035263</R01> <R02>0.000000</R02>
							<R10>-0.035263</R10> <R11>0.999378</R11> <R12>-0.000000</R12>
							<R20>-0.000000</R20> <R21>-0.000000</R21> <R22>1.000000</R22>
						</CoordinateFrame>
						<float name="MaskWeight">0</float>
						<string name="Name">Torso</string>
						<float name="Weight">1</float>
					</Properties>
					<Item class="Pose" referent="RBX184">
						<Properties>
							<CoordinateFrame name="CFrame">
								<X>0.036907</X> <Y>-0.056664</Y> <Z>0.021815</Z>
								<R00>0.724564</R00> <R01>-0.689197</R01> <R02>-0.003729</R02>
								<R10>0.687986</R10> <R11>0.722948</R11> <R12>0.063409</R12>
								<R20>-0.041005</R20> <R21>-0.048509</R21> <R22>0.997981</R22>
							</CoordinateFrame>
							<float name="MaskWeight">0</float>
							<string name="Name">Right Arm</string>
							<float name="Weight">1</float>
						</Properties>
					</Item>
					<Item class="Pose" referent="RBX187">
						<Properties>
							<CoordinateFrame name="CFrame">
								<X>0.000000</X> <Y>0.000000</Y> <Z>0.000000</Z>
								<R00>0.999790</R00> <R01>-0.020473</R01> <R02>0.000936</R02>
								<R10>0.020492</R10> <R11>0.999336</R11> <R12>-0.030136</R12>
								<R20>-0.000318</R20> <R21>0.030149</R21> <R22>0.999545</R22>
							</CoordinateFrame>
							<float name="MaskWeight">0</float>
							<string name="Name">Head</string>
							<float name="Weight">1</float>
						</Properties>
					</Item>
					<Item class="Pose" referent="RBX191">
						<Properties>
							<CoordinateFrame name="CFrame">
								<X>0.041090</X> <Y>0.006094</Y> <Z>0.005045</Z>
								<R00>0.989116</R00> <R01>-0.146243</R01> <R02>0.016174</R02>
								<R10>0.145646</R10> <R11>0.988772</R11> <R12>0.033430</R12>
								<R20>-0.020882</R20> <R21>-0.030711</R21> <R22>0.999310</R22>
							</CoordinateFrame>
							<float name="MaskWeight">0</float>
							<string name="Name">Left Arm</string>
							<float name="Weight">1</float>
						</Properties>
					</Item>
					<Item class="Pose" referent="RBX194">
						<Properties>
							<CoordinateFrame name="CFrame">
								<X>-0.089686</X> <Y>0.086506</Y> <Z>-0.017845</Z>
								<R00>0.999662</R00> <R01>0.025077</R01> <R02>0.006821</R02>
								<R10>-0.025122</R10> <R11>0.999663</R11> <R12>0.006616</R12>
								<R20>-0.006652</R20> <R21>-0.006785</R21> <R22>0.999955</R22>
							</CoordinateFrame>
							<float name="MaskWeight">0</float>
							<string name="Name">Left Leg</string>
							<float name="Weight">1</float>
						</Properties>
					</Item>
					<Item class="Pose" referent="RBX197">
						<Properties>
							<CoordinateFrame name="CFrame">
								<X>-0.012241</X> <Y>-0.025159</Y> <Z>0.006168</Z>
								<R00>0.708697</R00> <R01>0.705034</R01> <R02>0.025976</R02>
								<R10>-0.705349</R10> <R11>0.708846</R11> <R12>0.004558</R12>
								<R20>-0.015199</R20> <R21>-0.021553</R21> <R22>0.999652</R22>
							</CoordinateFrame>
							<float name="MaskWeight">0</float>
							<string name="Name">Right Leg</string>
							<float name="Weight">1</float>
						</Properties>
					</Item>
				</Item>
			</Item>
		</Item>
		<Item class="Keyframe" referent="RBX199">
			<Properties>
				<string name="Name">Keyframe</string>
				<float name="Time">0.285714</float>
			</Properties>
			<Item class="Pose" referent="RBX202">
				<Properties>
					<CoordinateFrame name="CFrame">
						<X>0.000000</X> <Y>-0.000000</Y> <Z>0.000000</Z>
						<R00>1.000000</R00> <R01>0.000000</R01> <R02>0.000000</R02>
						<R10>-0.000000</R10> <R11>1.000000</R11> <R12>-0.000000</R12>
						<R20>0.000000</R20> <R21>0.000000</R21> <R22>1.000000</R22>
					</CoordinateFrame>
					<float name="MaskWeight">0</float>
					<string name="Name">HumanoidRootPart</string>
					<float name="Weight">1</float>
				</Properties>
				<Item class="Pose" referent="RBX203">
					<Properties>
						<CoordinateFrame name="CFrame">
							<X>0.000000</X> <Y>-0.000000</Y> <Z>0.000448</Z>
							<R00>0.999244</R00> <R01>0.038869</R01> <R02>0.000000</R02>
							<R10>-0.038869</R10> <R11>0.999244</R11> <R12>-0.000000</R12>
							<R20>-0.000000</R20> <R21>-0.000000</R21> <R22>1.000000</R22>
						</CoordinateFrame>
						<float name="MaskWeight">0</float>
						<string name="Name">Torso</string>
						<float name="Weight">1</float>
					</Properties>
					<Item class="Pose" referent="RBX206">
						<Properties>
							<CoordinateFrame name="CFrame">
								<X>0.059206</X> <Y>-0.075584</Y> <Z>0.023333</Z>
								<R00>0.620786</R00> <R01>-0.783975</R01> <R02>0.002882</R02>
								<R10>0.782696</R10> <R11>0.619975</R11> <R12>0.054938</R12>
								<R20>-0.044857</R20> <R21>-0.031848</R21> <R22>0.998486</R22>
							</CoordinateFrame>
							<float name="MaskWeight">0</float>
							<string name="Name">Right Arm</string>
							<float name="Weight">1</float>
						</Properties>
					</Item>
					<Item class="Pose" referent="RBX209">
						<Properties>
							<CoordinateFrame name="CFrame">
								<X>0.000000</X> <Y>0.000000</Y> <Z>0.000000</Z>
								<R00>0.999819</R00> <R01>-0.019007</R01> <R02>0.000936</R02>
								<R10>0.019027</R10> <R11>0.999365</R11> <R12>-0.030136</R12>
								<R20>-0.000362</R20> <R21>0.030149</R21> <R22>0.999545</R22>
							</CoordinateFrame>
							<float name="MaskWeight">0</float>
							<string name="Name">Head</string>
							<float name="Weight">1</float>
						</Properties>
					</Item>
					<Item class="Pose" referent="RBX213">
						<Properties>
							<CoordinateFrame name="CFrame">
								<X>0.065085</X> <Y>0.053393</Y> <Z>0.003333</Z>
								<R00>0.953993</R00> <R01>-0.299406</R01> <R02>0.015941</R02>
								<R10>0.298822</R10> <R11>0.953798</R11> <R12>0.031235</R12>
								<R20>-0.024557</R20> <R21>-0.025035</R21> <R22>0.999385</R22>
							</CoordinateFrame>
							<float name="MaskWeight">0</float>
							<string name="Name">Left Arm</string>
							<float name="Weight">1</float>
						</Properties>
					</Item>
					<Item class="Pose" referent="RBX216">
						<Properties>
							<CoordinateFrame name="CFrame">
								<X>-0.095338</X> <Y>0.128884</Y> <Z>-0.019395</Z>
								<R00>0.977347</R00> <R01>0.211617</R01> <R02>0.003413</R02>
								<R10>-0.211620</R10> <R11>0.977352</R11> <R12>0.000409</R12>
								<R20>-0.003249</R20> <R21>-0.001122</R21> <R22>0.999994</R22>
							</CoordinateFrame>
							<float name="MaskWeight">0</float>
							<string name="Name">Left Leg</string>
							<float name="Weight">1</float>
						</Properties>
					</Item>
					<Item class="Pose" referent="RBX219">
						<Properties>
							<CoordinateFrame name="CFrame">
								<X>0.031262</X> <Y>-0.096285</Y> <Z>-0.001221</Z>
								<R00>0.543716</R00> <R01>0.838919</R01> <R02>0.024251</R02>
								<R10>-0.839219</R10> <R11>0.543772</R11> <R12>0.004791</R12>
								<R20>-0.009168</R20> <R21>-0.022957</R21> <R22>0.999694</R22>
							</CoordinateFrame>
