<roblox xmlns:xmime="http://www.w3.org/2005/05/xmlmime" xmlns:xsi="http://www.w3.org/2001/XMLSchema-instance" xsi:noNamespaceSchemaLocation="http://www.mulrbx.com/roblox.xsd" version="4" assettype="animation">
   <External>null</External>
   <External>nil</External>
   <Item class="KeyframeSequence" referent="RBX0">
		<Properties>
			<bool name="Loop">false</bool>
			<string name="Name">Test</string>
			<token name="Priority">1000</token>
		</Properties>
		<Item class="Keyframe" referent="RBX1">
			<Properties>
				<string name="Name">Keyframe</string>
				<float name="Time">0.000000</float>
			</Properties>
			<Item class="Pose" referent="RBX4">
				<Properties>
					<CoordinateFrame name="CFrame">
						<X>0.000000</X> <Y>-0.000000</Y> <Z>0.000000</Z>
						<R00>1.000000</R00> <R01>0.000000</R01> <R02>0.000000</R02>
						<R10>-0.000000</R10> <R11>1.000000</R11> <R12>-0.000000</R12>
						<R20>0.000000</R20> <R21>0.000000</R21> <R22>1.000000</R22>
					</CoordinateFrame>
					<float name="MaskWeight">0</float>
					<string name="Name">HumanoidRootPart</string>
					<float name="Weight">1</float>
				</Properties>
				<Item class="Pose" referent="RBX5">
					<Properties>
						<CoordinateFrame name="CFrame">
							<X>0.000000</X> <Y>-0.000000</Y> <Z>0.000000</Z>
							<R00>1.000000</R00> <R01>0.000000</R01> <R02>0.000000</R02>
							<R10>-0.000000</R10> <R11>1.000000</R11> <R12>-0.000000</R12>
							<R20>0.000000</R20> <R21>0.000000</R21> <R22>1.000000</R22>
						</CoordinateFrame>
						<float name="MaskWeight">0</float>
						<string name="Name">Torso</string>
						<float name="Weight">1</float>
					</Properties>
					<Item class="Pose" referent="RBX8">
						<Properties>
							<CoordinateFrame name="CFrame">
								<X>0.000000</X> <Y>0.000000</Y> <Z>0.000000</Z>
								<R00>1.000000</R00> <R01>-0.000000</R01> <R02>0.000000</R02>
								<R10>-0.000000</R10> <R11>1.000000</R11> <R12>0.000000</R12>
								<R20>0.000000</R20> <R21>0.000000</R21> <R22>1.000000</R22>
							</CoordinateFrame>
							<float name="MaskWeight">0</float>
							<string name="Name">Right Arm</string>
							<float name="Weight">1</float>
						</Properties>
					</Item>
					<Item class="Pose" referent="RBX11">
						<Properties>
							<CoordinateFrame name="CFrame">
								<X>0.000000</X> <Y>0.000000</Y> <Z>0.000000</Z>
								<R00>1.000000</R00> <R01>0.000000</R01> <R02>0.000000</R02>
								<R10>0.000000</R10> <R11>1.000000</R11> <R12>-0.000000</R12>
								<R20>0.000000</R20> <R21>0.000000</R21> <R22>1.000000</R22>
							</CoordinateFrame>
							<float name="MaskWeight">0</float>
							<string name="Name">Head</string>
							<float name="Weight">1</float>
						</Properties>
					</Item>
					<Item class="Pose" referent="RBX15">
						<Properties>
							<CoordinateFrame name="CFrame">
								<X>0.000000</X> <Y>0.000000</Y> <Z>0.000000</Z>
								<R00>1.000000</R00> <R01>-0.000000</R01> <R02>0.000000</R02>
								<R10>-0.000000</R10> <R11>1.000000</R11> <R12>0.000000</R12>
								<R20>0.000000</R20> <R21>0.000000</R21> <R22>1.000000</R22>
							</CoordinateFrame>
							<float name="MaskWeight">0</float>
							<string name="Name">Left Arm</string>
							<float name="Weight">1</float>
						</Properties>
					</Item>
					<Item class="Pose" referent="RBX18">
						<Properties>
							<CoordinateFrame name="CFrame">
								<X>0.000000</X> <Y>0.000000</Y> <Z>0.000000</Z>
								<R00>1.000000</R00> <R01>0.000000</R01> <R02>0.000000</R02>
								<R10>0.000000</R10> <R11>1.000000</R11> <R12>0.000000</R12>
								<R20>0.000000</R20> <R21>0.000000</R21> <R22>1.000000</R22>
							</CoordinateFrame>
							<float name="MaskWeight">0</float>
							<string name="Name">Left Leg</string>
							<float name="Weight">1</float>
						</Properties>
					</Item>
					<Item class="Pose" referent="RBX21">
						<Properties>
							<CoordinateFrame name="CFrame">
								<X>0.000000</X> <Y>0.000000</Y> <Z>-0.000000</Z>
								<R00>1.000000</R00> <R01>0.000000</R01> <R02>0.000000</R02>
								<R10>0.000000</R10> <R11>1.000000</R11> <R12>0.000000</R12>
								<R20>0.000000</R20> <R21>0.000000</R21> <R22>1.000000</R22>
							</CoordinateFrame>
							<float name="MaskWeight">0</float>
							<string name="Name">Right Leg</string>
							<float name="Weight">1</float>
						</Properties>
					</Item>
				</Item>
			</Item>
		</Item>
		<Item class="Keyframe" referent="RBX24">
			<Properties>
				<string name="Name">Keyframe</string>
				<float name="Time">0.033602</float>
			</Properties>
			<Item class="Pose" referent="RBX27">
				<Properties>
					<CoordinateFrame name="CFrame">
						<X>0.000000</X> <Y>-0.000000</Y> <Z>0.000000</Z>
						<R00>1.000000</R00> <R01>0.000000</R01> <R02>0.000000</R02>
						<R10>-0.000000</R10> <R11>1.000000</R11> <R12>-0.000000</R12>
						<R20>0.000000</R20> <R21>0.000000</R21> <R22>1.000000</R22>
					</CoordinateFrame>
					<float name="MaskWeight">0</float>
					<string name="Name">HumanoidRootPart</string>
					<float name="Weight">1</float>
				</Properties>
				<Item class="Pose" referent="RBX28">
					<Properties>
						<CoordinateFrame name="CFrame">
							<X>0.000000</X> <Y>-0.040586</Y> <Z>-0.038645</Z>
							<R00>1.000000</R00> <R01>-0.000000</R01> <R02>0.000000</R02>
							<R10>-0.000000</R10> <R11>0.999780</R11> <R12>-0.020961</R12>
							<R20>0.000000</R20> <R21>0.020961</R21> <R22>0.999780</R22>
						</CoordinateFrame>
						<float name="MaskWeight">0</float>
						<string name="Name">Torso</string>
						<float name="Weight">1</float>
					</Properties>
					<Item class="Pose" referent="RBX31">
						<Properties>
							<CoordinateFrame name="CFrame">
								<X>0.012696</X> <Y>-0.022915</Y> <Z>0.024287</Z>
								<R00>0.999919</R00> <R01>0.012696</R01> <R02>0.000796</R02>
								<R10>-0.012699</R10> <R11>0.999911</R11> <R12>0.004051</R12>
								<R20>-0.000745</R20> <R21>-0.004060</R21> <R22>0.999992</R22>
							</CoordinateFrame>
							<float name="MaskWeight">0</float>
							<string name="Name">Right Arm</string>
							<float name="Weight">1</float>
						</Properties>
					</Item>
					<Item class="Pose" referent="RBX34">
						<Properties>
							<CoordinateFrame name="CFrame">
								<X>0.000000</X> <Y>0.000000</Y> <Z>0.000000</Z>
								<R00>0.999989</R00> <R01>0.000227</R01> <R02>-0.004705</R02>
								<R10>-0.000306</R10> <R11>0.999858</R11> <R12>-0.016875</R12>
								<R20>0.004701</R20> <R21>0.016876</R21> <R22>0.999847</R22>
							</CoordinateFrame>
							<float name="MaskWeight">0</float>
							<string name="Name">Head</string>
							<float name="Weight">1</float>
						</Properties>
					</Item>
					<Item class="Pose" referent="RBX38">
						<Properties>
							<CoordinateFrame name="CFrame">
								<X>0.000000</X> <Y>-0.000000</Y> <Z>0.029654</Z>
								<R00>0.998581</R00> <R01>-0.028795</R01> <R02>-0.044794</R02>
								<R10>0.032015</R10> <R11>0.996824</R11> <R12>0.072913</R12>
								<R20>0.042552</R20> <R21>-0.074244</R21> <R22>0.996332</R22>
							</CoordinateFrame>
							<float name="MaskWeight">0</float>
							<string name="Name">Left Arm</string>
							<float name="Weight">1</float>
						</Properties>
					</Item>
					<Item class="Pose" referent="RBX41">
						<Properties>
							<CoordinateFrame name="CFrame">
								<X>0.005666</X> <Y>0.044149</Y> <Z>0.000000</Z>
								<R00>0.999996</R00> <R01>0.002688</R01> <R02>0.000000</R02>
								<R10>-0.002688</R10> <R11>0.999996</R11> <R12>0.000000</R12>
								<R20>0.000000</R20> <R21>-0.000000</R21> <R22>1.000000</R22>
							</CoordinateFrame>
							<float name="MaskWeight">0</float>
							<string name="Name">Left Leg</string>
							<float name="Weight">1</float>
						</Properties>
					</Item>
					<Item class="Pose" referent="RBX44">
						<Properties>
							<CoordinateFrame name="CFrame">
								<X>-0.010376</X> <Y>0.080856</Y> <Z>0.000000</Z>
								<R00>0.999415</R00> <R01>-0.034199</R01> <R02>0.000000</R02>
								<R10>0.034199</R10> <R11>0.999415</R11> <R12>0.000000</R12>
								<R20>-0.000000</R20> <R21>0.000000</R21> <R22>1.000000</R22>
							</CoordinateFrame>
							<float name="MaskWeight">0</float>
							<string name="Name">Right Leg</string>
							<float name="Weight">1</float>
						</Properties>
					</Item>
				</Item>
			</Item>
		</Item>
		<Item class="Keyframe" referent="RBX47">
			<Properties>
				<string name="Name">Keyframe</string>
				<float name="Time">0.067204</float>
			</Properties>
			<Item class="Pose" referent="RBX50">
				<Properties>
					<CoordinateFrame name="CFrame">
						<X>0.000000</X> <Y>-0.000000</Y> <Z>0.000000</Z>
						<R00>1.000000</R00> <R01>0.000000</R01> <R02>0.000000</R02>
						<R10>-0.000000</R10> <R11>1.000000</R11> <R12>-0.000000</R12>
						<R20>0.000000</R20> <R21>0.000000</R21> <R22>1.000000</R22>
					</CoordinateFrame>
					<float name="MaskWeight">0</float>
					<string name="Name">HumanoidRootPart</string>
					<float name="Weight">1</float>
				</Properties>
				<Item class="Pose" referent="RBX51">
					<Properties>
						<CoordinateFrame name="CFrame">
							<X>0.000000</X> <Y>-0.094007</Y> <Z>-0.120377</Z>
							<R00>1.000000</R00> <R01>0.000000</R01> <R02>0.000000</R02>
							<R10>-0.000000</R10> <R11>0.997958</R11> <R12>-0.063866</R12>
							<R20>0.000000</R20> <R21>0.063866</R21> <R22>0.997958</R22>
						</CoordinateFrame>
						<float name="MaskWeight">0</float>
						<string name="Name">Torso</string>
						<float name="Weight">1</float>
					</Properties>
					<Item class="Pose" referent="RBX54">
						<Properties>
							<CoordinateFrame name="CFrame">
								<X>0.038707</X> <Y>-0.069861</Y> <Z>0.074042</Z>
								<R00>0.998907</R00> <R01>0.046633</R01> <R02>0.003066</R02>
								<R10>-0.046674</R10> <R11>0.998795</R11> <R12>0.015177</R12>
								<R20>-0.002355</R20> <R21>-0.015303</R21> <R22>0.999880</R22>
							</CoordinateFrame>
							<float name="MaskWeight">0</float>
							<string name="Name">Right Arm</string>
							<float name="Weight">1</float>
						</Properties>
					</Item>
					<Item class="Pose" referent="RBX57">
						<Properties>
							<CoordinateFrame name="CFrame">
								<X>0.000000</X> <Y>0.000000</Y> <Z>0.000000</Z>
								<R00>0.999954</R00> <R01>0.000591</R01> <R02>-0.009585</R02>
								<R10>-0.000932</R10> <R11>0.999366</R11> <R12>-0.035600</R12>
								<R20>0.009557</R20> <R21>0.035607</R21> <R22>0.999320</R22>
							</CoordinateFrame>
							<float name="MaskWeight">0</float>
							<string name="Name">Head</string>
							<float name="Weight">1</float>
						</Properties>
					</Item>
					<Item class="Pose" referent="RBX61">
						<Properties>
							<CoordinateFrame name="CFrame">
								<X>0.000000</X> <Y>0.000000</Y> <Z>0.090406</Z>
								<R00>0.994566</R00> <R01>-0.051592</R01> <R02>-0.090425</R02>
								<R10>0.064663</R10> <R11>0.986844</R11> <R12>0.148179</R12>
								<R20>0.081591</R20> <R21>-0.153221</R21> <R22>0.984818</R22>
							</CoordinateFrame>
							<float name="MaskWeight">0</float>
							<string name="Name">Left Arm</string>
							<float name="Weight">1</float>
						</Properties>
					</Item>
					<Item class="Pose" referent="RBX64">
						<Properties>
							<CoordinateFrame name="CFrame">
								<X>0.017273</X> <Y>0.134598</Y> <Z>0.000000</Z>
								<R00>0.999950</R00> <R01>0.009979</R01> <R02>-0.000000</R02>
								<R10>-0.009979</R10> <R11>0.999950</R11> <R12>0.000000</R12>
								<R20>-0.000000</R20> <R21>-0.000000</R21> <R22>1.000000</R22>
							</CoordinateFrame>
							<float name="MaskWeight">0</float>
							<string name="Name">Left Leg</string>
							<float name="Weight">1</float>
						</Properties>
					</Item>
					<Item class="Pose" referent="RBX67">
						<Properties>
							<CoordinateFrame name="CFrame">
								<X>-0.021146</X> <Y>0.164781</Y> <Z>0.000000</Z>
								<R00>0.997571</R00> <R01>-0.069653</R01> <R02>0.000000</R02>
								<R10>0.069653</R10> <R11>0.997571</R11> <R12>-0.000000</R12>
								<R20>0.000000</R20> <R21>0.000000</R21> <R22>1.000000</R22>
							</CoordinateFrame>
							<float name="MaskWeight">0</float>
							<string name="Name">Right Leg</string>
							<float name="Weight">1</float>
						</Properties>
					</Item>
				</Item>
			</Item>
		</Item>
		<Item class="Keyframe" referent="RBX70">
			<Properties>
				<string name="Name">Keyframe</string>
				<float name="Time">0.100806</float>
			</Properties>
			<Item class="Pose" referent="RBX73">
				<Properties>
					<CoordinateFrame name="CFrame">
						<X>0.000000</X> <Y>-0.000000</Y> <Z>0.000000</Z>
						<R00>1.000000</R00> <R01>0.000000</R01> <R02>0.000000</R02>
						<R10>-0.000000</R10> <R11>1.000000</R11> <R12>-0.000000</R12>
						<R20>0.000000</R20> <R21>0.000000</R21> <R22>1.000000</R22>
					</CoordinateFrame>
					<float name="MaskWeight">0</float>
					<string name="Name">HumanoidRootPart</string>
					<float name="Weight">1</float>
				</Properties>
				<Item class="Pose" referent="RBX74">
					<Properties>
						<CoordinateFrame name="CFrame">
							<X>0.000000</X> <Y>-0.139092</Y> <Z>-0.206620</Z>
							<R00>1.000000</R00> <R01>0.000000</R01> <R02>0.000000</R02>
							<R10>-0.000000</R10> <R11>0.994443</R11> <R12>-0.105278</R12>
							<R20>0.000000</R20> <R21>0.105278</R21> <R22>0.994443</R22>
						</CoordinateFrame>
						<float name="MaskWeight">0</float>
						<string name="Name">Torso</string>
						<float name="Weight">1</float>
					</Properties>
					<Item class="Pose" referent="RBX77">
						<Properties>
							<CoordinateFrame name="CFrame">
								<X>0.063927</X> <Y>-0.115031</Y> <Z>0.122262</Z>
								<R00>0.995247</R00> <R01>0.097155</R01> <R02>0.006679</R02>
								<R10>-0.097321</R10> <R11>0.994730</R11> <R12>0.032258</R12>
								<R20>-0.003509</R20> <R21>-0.032755</R21> <R22>0.999457</R22>
							</CoordinateFrame>
							<float name="MaskWeight">0</float>
							<string name="Name">Right Arm</string>
							<float name="Weight">1</float>
						</Properties>
					</Item>
					<Item class="Pose" referent="RBX80">
						<Properties>
							<CoordinateFrame name="CFrame">
								<X>0.000000</X> <Y>0.000000</Y> <Z>0.000000</Z>
								<R00>0.999909</R00> <R01>0.000784</R01> <R02>-0.013494</R02>
								<R10>-0.001538</R10> <R11>0.998434</R11> <R12>-0.055927</R12>
								<R20>0.013429</R20> <R21>0.055942</R21> <R22>0.998344</R22>
							</CoordinateFrame>
							<float name="MaskWeight">0</float>
							<string name="Name">Head</string>
							<float name="Weight">1</float>
						</Properties>
					</Item>
					<Item class="Pose" referent="RBX84">
						<Properties>
							<CoordinateFrame name="CFrame">
								<X>-0.000009</X> <Y>0.000244</Y> <Z>0.149227</Z>
								<R00>0.990016</R00> <R01>-0.063758</R01> <R02>-0.125713</R02>
								<R10>0.089125</R10> <R11>0.974094</R11> <R12>0.207842</R12>
								<R20>0.109205</R20> <R21>-0.216971</R21> <R22>0.970050</R22>
							</CoordinateFrame>
							<float name="MaskWeight">0</float>
							<string name="Name">Left Arm</string>
							<float name="Weight">1</float>
						</Properties>
					</Item>
					<Item class="Pose" referent="RBX87">
						<Properties>
							<CoordinateFrame name="CFrame">
								<X>0.028510</X> <Y>0.222161</Y> <Z>0.000000</Z>
								<R00>0.999779</R00> <R01>0.021032</R01> <R02>0.000003</R02>
								<R10>-0.021032</R10> <R11>0.999779</R11> <R12>0.000042</R12>
								<R20>-0.000002</R20> <R21>-0.000042</R21> <R22>1.000000</R22>
							</CoordinateFrame>
							<float name="MaskWeight">0</float>
							<string name="Name">Left Leg</string>
							<float name="Weight">1</float>
						</Properties>
					</Item>
					<Item class="Pose" referent="RBX90">
						<Properties>
							<CoordinateFrame name="CFrame">
								<X>-0.029789</X> <Y>0.232124</Y> <Z>0.000000</Z>
								<R00>0.995190</R00> <R01>-0.097966</R01> <R02>-0.000065</R02>
								<R10>0.097966</R10> <R11>0.995190</R11> <R12>0.000017</R12>
								<R20>0.000063</R20> <R21>-0.000023</R21> <R22>1.000000</R22>
							</CoordinateFrame>
							<float name="MaskWeight">0</float>
							<string name="Name">Right Leg</string>
							<float name="Weight">1</float>
						</Properties>
					</Item>
				</Item>
			</Item>
		</Item>
		<Item class="Keyframe" referent="RBX93">
			<Properties>
				<string name="Name">Keyframe</string>
				<float name="Time">0.134409</float>
			</Properties>
			<Item class="Pose" referent="RBX96">
				<Properties>
					<CoordinateFrame name="CFrame">
						<X>0.000000</X> <Y>-0.000000</Y> <Z>0.000000</Z>
						<R00>1.000000</R00> <R01>0.000000</R01> <R02>0.000000</R02>
						<R10>-0.000000</R10> <R11>1.000000</R11> <R12>-0.000000</R12>
						<R20>0.000000</R20> <R21>0.000000</R21> <R22>1.000000</R22>
					</CoordinateFrame>
					<float name="MaskWeight">0</float>
					<string name="Name">HumanoidRootPart</string>
					<float name="Weight">1</float>
				</Properties>
				<Item class="Pose" referent="RBX97">
					<Properties>
						<CoordinateFrame name="CFrame">
							<X>0.000000</X> <Y>-0.164485</Y> <Z>-0.263452</Z>
							<R00>1.000000</R00> <R01>0.000000</R01> <R02>0.000000</R02>
							<R10>-0.000000</R10> <R11>0.991534</R11> <R12>-0.129848</R12>
							<R20>0.000000</R20> <R21>0.129848</R21> <R22>0.991534</R22>
						</CoordinateFrame>
						<float name="MaskWeight">0</float>
						<string name="Name">Torso</string>
						<float name="Weight">1</float>
					</Properties>
					<Item class="Pose" referent="RBX100">
						<Properties>
							<CoordinateFrame name="CFrame">
								<X>0.078786</X> <Y>-0.142796</Y> <Z>0.150747</Z>
								<R00>0.987186</R00> <R01>0.159157</R01> <R02>0.011490</R02>
								<R10>-0.159548</R10> <R11>0.985706</R11> <R12>0.054105</R12>
								<R20>-0.002715</R20> <R21>-0.055245</R21> <R22>0.998469</R22>
							</CoordinateFrame>
							<float name="MaskWeight">0</float>
							<string name="Name">Right Arm</string>
							<float name="Weight">1</float>
						</Properties>
					</Item>
					<Item class="Pose" referent="RBX103">
						<Properties>
							<CoordinateFrame name="CFrame">
								<X>0.000000</X> <Y>0.000000</Y> <Z>0.000000</Z>
								<R00>0.999877</R00> <R01>0.000683</R01> <R02>-0.015689</R02>
								<R10>-0.001894</R10> <R11>0.997007</R11> <R12>-0.077292</R12>
								<R20>0.015589</R20> <R21>0.077312</R21> <R22>0.996885</R22>
							</CoordinateFrame>
							<float name="MaskWeight">0</float>
							<string name="Name">Head</string>
							<float name="Weight">1</float>
						</Properties>
					</Item>
					<Item class="Pose" referent="RBX107">
						<Properties>
							<CoordinateFrame name="CFrame">
								<X>0.000015</X> <Y>-0.000421</Y> <Z>0.184158</Z>
								<R00>0.986773</R00> <R01>-0.071516</R01> <R02>-0.145481</R02>
								<R10>0.105579</R10> <R11>0.964518</R11> <R12>0.241987</R12>
								<R20>0.123013</R20> <R21>-0.254146</R21> <R22>0.959311</R22>
							</CoordinateFrame>
							<float name="MaskWeight">0</float>
							<string name="Name">Left Arm</string>
							<float name="Weight">1</float>
						</Properties>
					</Item>
					<Item class="Pose" referent="RBX110">
						<Properties>
							<CoordinateFrame name="CFrame">
								<X>0.035188</X> <Y>0.274199</Y> <Z>0.000000</Z>
								<R00>0.999389</R00> <R01>0.034953</R01> <R02>-0.000006</R02>
								<R10>-0.034953</R10> <R11>0.999389</R11> <R12>-0.000072</R12>
								<R20>0.000003</R20> <R21>0.000072</R21> <R22>1.000000</R22>
							</CoordinateFrame>
							<float name="MaskWeight">0</float>
							<string name="Name">Left Leg</string>
							<float name="Weight">1</float>
						</Properties>
					</Item>
					<Item class="Pose" referent="RBX113">
						<Properties>
							<CoordinateFrame name="CFrame">
								<X>-0.034717</X> <Y>0.270528</Y> <Z>0.000000</Z>
								<R00>0.993443</R00> <R01>-0.114325</R01> <R02>0.000112</R02>
								<R10>0.114325</R10> <R11>0.993443</R11> <R12>-0.000029</R12>
								<R20>-0.000108</R20> <R21>0.000041</R21> <R22>1.000000</R22>
							</CoordinateFrame>
							<float name="MaskWeight">0</float>
							<string name="Name">Right Leg</string>
							<float name="Weight">1</float>
						</Properties>
					</Item>
				</Item>
			</Item>
		</Item>
		<Item class="Keyframe" referent="RBX116">
			<Properties>
				<string name="Name">Keyframe</string>
				<float name="Time">0.168011</float>
			</Properties>
			<Item class="Pose" referent="RBX119">
				<Properties>
					<CoordinateFrame name="CFrame">
						<X>0.000000</X> <Y>-0.000000</Y> <Z>0.000000</Z>
						<R00>1.000000</R00> <R01>0.000000</R01> <R02>0.000000</R02>
						<R10>-0.000000</R10> <R11>1.000000</R11> <R12>-0.000000</R12>
						<R20>0.000000</R20> <R21>0.000000</R21> <R22>1.000000</R22>
					</CoordinateFrame>
					<float name="MaskWeight">0</float>
					<string name="Name">HumanoidRootPart</string>
					<float name="Weight">1</float>
				</Properties>
				<Item class="Pose" referent="RBX120">
					<Properties>
						<CoordinateFrame name="CFrame">
							<X>0.000000</X> <Y>-0.172829</Y> <Z>-0.292356</Z>
							<R00>1.000000</R00> <R01>0.000000</R01> <R02>0.000000</R02>
							<R10>-0.000000</R10> <R11>0.990664</R11> <R12>-0.136330</R12>
							<R20>0.000000</R20> <R21>0.136330</R21> <R22>0.990664</R22>
						</CoordinateFrame>
						<float name="MaskWeight">0</float>
						<string name="Name">Torso</string>
						<float name="Weight">1</float>
					</Properties>
					<Item class="Pose" referent="RBX123">
						<Properties>
							<CoordinateFrame name="CFrame">
								<X>0.081823</X> <Y>-0.155235</Y> <Z>0.157003</Z>
								<R00>0.973657</R00> <R01>0.227357</R01> <R02>0.017349</R02>
								<R10>-0.228015</R10> <R11>0.970406</R11> <R12>0.079510</R12>
								<R20>0.001242</R20> <R21>-0.081371</R21> <R22>0.996683</R22>
							</CoordinateFrame>
							<float name="MaskWeight">0</float>
							<string name="Name">Right Arm</string>
							<float name="Weight">1</float>
						</Properties>
					</Item>
					<Item class="Pose" referent="RBX126">
						<Properties>
							<CoordinateFrame name="CFrame">
								<X>0.000000</X> <Y>-0.000000</Y> <Z>0.000000</Z>
								<R00>0.999866</R00> <R01>0.000347</R01> <R02>-0.016364</R02>
								<R10>-0.001969</R10> <R11>0.995065</R11> <R12>-0.099201</R12>
								<R20>0.016249</R20> <R21>0.099220</R21> <R22>0.994933</R22>
							</CoordinateFrame>
							<float name="MaskWeight">0</float>
							<string name="Name">Head</string>
							<float name="Weight">1</float>
						</Properties>
					</Item>
					<Item class="Pose" referent="RBX130">
						<Properties>
							<CoordinateFrame name="CFrame">
								<X>0.000190</X> <Y>-0.005318</Y> <Z>0.192903</Z>
								<R00>0.983864</R00> <R01>-0.090493</R01> <R02>-0.154348</R02>
								<R10>0.128408</R10> <R11>0.957863</R11> <R12>0.256925</R12>
								<R20>0.124594</R20> <R21>-0.272599</R21> <R22>0.954026</R22>
							</CoordinateFrame>
							<float name="MaskWeight">0</float>
							<string name="Name">Left Arm</string>
							<float name="Weight">1</float>
						</Properties>
					</Item>
					<Item class="Pose" referent="RBX133">
						<Properties>
							<CoordinateFrame name="CFrame">
								<X>0.036888</X> <Y>0.287448</Y> <Z>0.000000</Z>
								<R00>0.998707</R00> <R01>0.050844</R01> <R02>-0.000073</R02>
								<R10>-0.050844</R10> <R11>0.998706</R11> <R12>-0.000905</R12>
								<R20>0.000026</R20> <R21>0.000908</R21> <R22>1.000000</R22>
							</CoordinateFrame>
							<float name="MaskWeight">0</float>
							<string name="Name">Left Leg</string>
							<float name="Weight">1</float>
						</Properties>
					</Item>
					<Item class="Pose" referent="RBX136">
						<Properties>
							<CoordinateFrame name="CFrame">
								<X>-0.036511</X> <Y>0.284511</Y> <Z>0.000000</Z>
								<R00>0.992566</R00> <R01>-0.121697</R01> <R02>0.001416</R02>
								<R10>0.121698</R10> <R11>0.992567</R11> <R12>-0.000364</R12>
								<R20>-0.001361</R20> <R21>0.000534</R21> <R22>0.999999</R22>
							</CoordinateFrame>
							<float name="MaskWeight">0</float>
							<string name="Name">Right Leg</string>
							<float name="Weight">1</float>
						</Properties>
					</Item>
				</Item>
			</Item>
		</Item>
		<Item class="Keyframe" referent="RBX139">
			<Properties>
				<string name="Name">Keyframe</string>
				<float name="Time">0.201613</float>
			</Properties>
			<Item class="Pose" referent="RBX142">
				<Properties>
					<CoordinateFrame name="CFrame">
						<X>0.000000</X> <Y>-0.000000</Y> <Z>0.000000</Z>
						<R00>1.000000</R00> <R01>0.000000</R01> <R02>0.000000</R02>
						<R10>-0.000000</R10> <R11>1.000000</R11> <R12>-0.000000</R12>
						<R20>0.000000</R20> <R21>0.000000</R21> <R22>1.000000</R22>
					</CoordinateFrame>
					<float name="MaskWeight">0</float>
					<string name="Name">HumanoidRootPart</string>
					<float name="Weight">1</float>
				</Properties>
				<Item class="Pose" referent="RBX143">
					<Properties>
						<CoordinateFrame name="CFrame">
							<X>0.000000</X> <Y>-0.180518</Y> <Z>-0.312576</Z>
							<R00>1.000000</R00> <R01>0.000000</R01> <R02>0.000000</R02>
							<R10>-0.000000</R10> <R11>0.989750</R11> <R12>-0.142812</R12>
							<R20>0.000000</R20> <R21>0.142812</R21> <R22>0.989750</R22>
						</CoordinateFrame>
						<float name="MaskWeight">0</float>
						<string name="Name">Torso</string>
						<float name="Weight">1</float>
					</Properties>
					<Item class="Pose" referent="RBX146">
						<Properties>
							<CoordinateFrame name="CFrame">
								<X>0.083687</X> <Y>-0.174422</Y> <Z>0.161584</Z>
								<R00>0.954916</R00> <R01>0.295898</R01> <R02>0.024078</R02>
								<R10>-0.296745</R10> <R11>0.948932</R11> <R12>0.107101</R12>
								<R20>0.008843</R20> <R21>-0.109417</R21> <R22>0.993957</R22>
							</CoordinateFrame>
							<float name="MaskWeight">0</float>
							<string name="Name">Right Arm</string>
							<float name="Weight">1</float>
						</Properties>
					</Item>
					<Item class="Pose" referent="RBX149">
						<Properties>
							<CoordinateFrame name="CFrame">
								<X>0.000000</X> <Y>-0.000000</Y> <Z>-0.000000</Z>
								<R00>0.999859</R00> <R01>-0.000015</R01> <R02>-0.016814</R02>
								<R10>-0.002022</R10> <R11>0.992638</R11> <R12>-0.121098</R12>
								<R20>0.016692</R20> <R21>0.121115</R21> <R22>0.992498</R22>
							</CoordinateFrame>
							<float name="MaskWeight">0</float>
							<string name="Name">Head</string>
							<float name="Weight">1</float>
						</Properties>
					</Item>
					<Item class="Pose" referent="RBX153">
						<Properties>
							<CoordinateFrame name="CFrame">
								<X>0.000587</X> <Y>-0.016454</Y> <Z>0.201011</Z>
								<R00>0.977604</R00> <R01>-0.130904</R01> <R02>-0.164787</R02>
								<R10>0.172867</R10> <R11>0.946067</R11> <R12>0.273997</R12>
								<R20>0.120032</R20> <R21>-0.296347</R21> <R22>0.947508</R22>
							</CoordinateFrame>
							<float name="MaskWeight">0</float>
							<string name="Name">Left Arm</string>
							<float name="Weight">1</float>
						</Properties>
					</Item>
					<Item class="Pose" referent="RBX156">
						<Properties>
							<CoordinateFrame name="CFrame">
								<X>0.038505</X> <Y>0.300042</Y> <Z>0.000000</Z>
								<R00>0.997707</R00> <R01>0.067685</R01> <R02>-0.000224</R02>
								<R10>-0.067686</R10> <R11>0.997703</R11> <R12>-0.002802</R12>
								<R20>0.000034</R20> <R21>0.002810</R21> <R22>0.999996</R22>
							</CoordinateFrame>
							<float name="MaskWeight">0</float>
							<string name="Name">Left Leg</string>
							<float name="Weight">1</float>
						</Properties>
					</Item>
					<Item class="Pose" referent="RBX159">
						<Properties>
							<CoordinateFrame name="CFrame">
								<X>-0.038122</X> <Y>0.297059</Y> <Z>0.000000</Z>
								<R00>0.991457</R00> <R01>-0.130364</R01> <R02>0.004380</R02>
								<R10>0.130370</R10> <R11>0.991465</R11> <R12>-0.001127</R12>
								<R20>-0.004196</R20> <R21>0.001688</R21> <R22>0.999990</R22>
							</CoordinateFrame>
							<float name="MaskWeight">0</float>
							<string name="Name">Right Leg</string>
							<float name="Weight">1</float>
						</Properties>
					</Item>
				</Item>
			</Item>
		</Item>
		<Item class="Keyframe" referent="RBX162">
			<Properties>
				<string name="Name">Keyframe</string>
				<float name="Time">0.235215</float>
			</Properties>
			<Item class="Pose" referent="RBX165">
				<Properties>
					<CoordinateFrame name="CFrame">
						<X>0.000000</X> <Y>-0.000000</Y> <Z>0.000000</Z>
						<R00>1.000000</R00> <R01>0.000000</R01> <R02>0.000000</R02>
						<R10>-0.000000</R10> <R11>1.000000</R11> <R12>-0.000000</R12>
						<R20>0.000000</R20> <R21>0.000000</R21> <R22>1.000000</R22>
					</CoordinateFrame>
					<float name="MaskWeight">0</float>
					<string name="Name">HumanoidRootPart</string>
					<float name="Weight">1</float>
				</Properties>
				<Item class="Pose" referent="RBX166">
					<Properties>
						<CoordinateFrame name="CFrame">
							<X>0.000000</X> <Y>-0.186580</Y> <Z>-0.324908</Z>
							<R00>1.000000</R00> <R01>0.000000</R01> <R02>0.000000</R02>
							<R10>-0.000000</R10> <R11>0.988956</R11> <R12>-0.148208</R12>
							<R20>0.000000</R20> <R21>0.148208</R21> <R22>0.988956</R22>
						</CoordinateFrame>
						<float name="MaskWeight">0</float>
						<string name="Name">Torso</string>
						<float name="Weight">1</float>
					</Properties>
					<Item class="Pose" referent="RBX169">
						<Properties>
							<CoordinateFrame name="CFrame">
								<X>0.084186</X> <Y>-0.196443</Y> <Z>0.163891</Z>
								<R00>0.932502</R00> <R01>0.359788</R01> <R02>0.031513</R02>
								<R10>-0.360627</R10> <R11>0.922794</R11> <R12>0.135646</R12>
								<R20>0.019723</R20> <R21>-0.137854</R21> <R22>0.990256</R22>
							</CoordinateFrame>
							<float name="MaskWeight">0</float>
							<string name="Name">Right Arm</string>
							<float name="Weight">1</float>
						</Properties>
					</Item>
					<Item class="Pose" referent="RBX172">
						<Properties>
							<CoordinateFrame name="CFrame">
								<X>0.000000</X> <Y>-0.000000</Y> <Z>0.000000</Z>
								<R00>0.999855</R00> <R01>-0.000383</R01> <R02>-0.017017</R02>
								<R10>-0.002046</R10> <R11>0.989795</R11> <R12>-0.142486</R12>
								<R20>0.016898</R20> <R21>0.142500</R21> <R22>0.989651</R22>
							</CoordinateFrame>
							<float name="MaskWeight">0</float>
							<string name="Name">Head</string>
							<float name="Weight">1</float>
						</Properties>
					</Item>
					<Item class="Pose" referent="RBX176">
						<Properties>
							<CoordinateFrame name="CFrame">
								<X>0.001118</X> <Y>-0.031321</Y> <Z>0.207186</Z>
								<R00>0.967330</R00> <R01>-0.183298</R01> <R02>-0.175139</R02>
								<R10>0.228677</R10> <R11>0.929101</R11> <R12>0.290652</R12>
								<R20>0.109446</R20> <R21>-0.321207</R21> <R22>0.940664</R22>
							</CoordinateFrame>
							<float name="MaskWeight">0</float>
							<string name="Name">Left Arm</string>
							<float name="Weight">1</float>
						</Properties>
					</Item>
					<Item class="Pose" referent="RBX179">
						<Properties>
							<CoordinateFrame name="CFrame">
								<X>0.039774</X> <Y>0.309936</Y> <Z>0.000000</Z>
								<R00>0.996418</R00> <R01>0.084563</R01> <R02>-0.000427</R02>
								<R10>-0.084565</R10> <R11>0.996404</R11> <R12>-0.005333</R12>
								<R20>-0.000025</R20> <R21>0.005350</R21> <R22>0.999986</R22>
							</CoordinateFrame>
							<float name="MaskWeight">0</float>
							<string name="Name">Left Leg</string>
							<float name="Weight">1</float>
						</Properties>
					</Item>
					<Item class="Pose" referent="RBX182">
						<Properties>
							<CoordinateFrame name="CFrame">
								<X>-0.039379</X> <Y>0.306853</Y> <Z>0.000000</Z>
								<R00>0.990258</R00> <R01>-0.138996</R01> <R02>0.008338</R02>
								<R10>0.139018</R10> <R11>0.990288</R11> <R12>-0.002145</R12>
								<R20>-0.007959</R20> <R21>0.003283</R21> <R22>0.999963</R22>
							</CoordinateFrame>
							<float name="MaskWeight">0</float>
							<string name="Name">Right Leg</string>
							<float name="Weight">1</float>
						</Properties>
					</Item>
				</Item>
			</Item>
		</Item>
		<Item class="Keyframe" referent="RBX185">
			<Properties>
				<string name="Name">Keyframe</string>
				<float name="Time">0.268817</float>
			</Properties>
			<Item class="Pose" referent="RBX188">
				<Properties>
					<CoordinateFrame name="CFrame">
						<X>0.000000</X> <Y>-0.000000</Y> <Z>0.000000</Z>
						<R00>1.000000</R00> <R01>0.000000</R01> <R02>0.000000</R02>
						<R10>-0.000000</R10> <R11>1.000000</R11> <R12>-0.000000</R12>
						<R20>0.000000</R20> <R21>0.000000</R21> <R22>1.000000</R22>
					</CoordinateFrame>
					<float name="MaskWeight">0</float>
					<string name="Name">HumanoidRootPart</string>
					<float name="Weight">1</float>
				</Properties>
				<Item class="Pose" referent="RBX189">
					<Properties>
						<CoordinateFrame name="CFrame">
							<X>0.000000</X> <Y>-0.190857</Y> <Z>-0.330327</Z>
							<R00>1.000000</R00> <R01>0.000000</R01> <R02>0.000000</R02>
							<R10>-0.000000</R10> <R11>0.988338</R11> <R12>-0.152275</R12>
							<R20>0.000000</R20> <R21>0.152275</R21> <R22>0.988338</R22>
						</CoordinateFrame>
						<float name="MaskWeight">0</float>
						<string name="Name">Torso</string>
						<float name="Weight">1</float>
					</Properties>
					<Item class="Pose" referent="RBX192">
						<Properties>
							<CoordinateFrame name="CFrame">
								<X>0.083580</X> <Y>-0.218670</Y> <Z>0.164229</Z>
								<R00>0.909103</R00> <R01>0.414695</R01> <R02>0.039498</R02>
								<R10>-0.415290</R10> <R11>0.894791</R11> <R12>0.163963</R12>
								<R20>0.032652</R20> <R21>-0.165462</R21> <R22>0.985675</R22>
							</CoordinateFrame>
							<float name="MaskWeight">0</float>
							<string name="Name">Right Arm</string>
							<float name="Weight">1</float>
						</Properties>
					</Item>
					<Item class="Pose" referent="RBX195">
						<Properties>
							<CoordinateFrame name="CFrame">
								<X>0.000000</X> <Y>-0.000000</Y> <Z>0.000000</Z>
								<R00>0.999855</R00> <R01>-0.000736</R01> <R02>-0.017011</R02>
								<R10>-0.002045</R10> <R11>0.986642</R11> <R12>-0.162893</R12>
								<R20>0.016904</R20> <R21>0.162904</R21> <R22>0.986497</R22>
							</CoordinateFrame>
							<float name="MaskWeight">0</float>
							<string name="Name">Head</string>
							<float name="Weight">1</float>
						</Properties>
					</Item>
					<Item class="Pose" referent="RBX199">
						<Properties>
							<CoordinateFrame name="CFrame">
								<X>0.001704</X> <Y>-0.047732</Y> <Z>0.211306</Z>
								<R00>0.953152</R00> <R01>-0.239715</R01> <R02>-0.184492</R02>
								<R10>0.287437</R10> <R11>0.907765</R11> <R12>0.305520</R12>
								<R20>0.094238</R20> <R21>-0.344237</R21> <R22>0.934142</R22>
							</CoordinateFrame>
							<float name="MaskWeight">0</float>
							<string name="Name">Left Arm</string>
							<float name="Weight">1</float>
						</Properties>
					</Item>
					<Item class="Pose" referent="RBX202">
						<Properties>
							<CoordinateFrame name="CFrame">
								<X>0.040660</X> <Y>0.316840</Y> <Z>0.000000</Z>
								<R00>0.994927</R00> <R01>0.100601</R01> <R02>-0.000651</R02>
								<R10>-0.100603</R10> <R11>0.994893</R11> <R12>-0.008127</R12>
								<R20>-0.000170</R20> <R21>0.008151</R21> <R22>0.999967</R22>
							</CoordinateFrame>
							<float name="MaskWeight">0</float>
							<string name="Name">Left Leg</string>
							<float name="Weight">1</float>
						</Properties>
					</Item>
					<Item class="Pose" referent="RBX205">
						<Properties>
							<CoordinateFrame name="CFrame">
								<X>-0.040256</X> <Y>0.313689</Y> <Z>0.000000</Z>
								<R00>0.989079</R00> <R01>-0.146836</R01> <R02>0.012706</R02>
								<R10>0.146888</R10> <R11>0.989148</R11> <R12>-0.003269</R12>
								<R20>-0.012088</R20> <R21>0.005100</R21> <R22>0.999914</R22>
							</CoordinateFrame>
							<float name="MaskWeight">0</float>
							<string name="Name">Right Leg</string>
							<float name="Weight">1</float>
						</Properties>
					</Item>
				</Item>
			</Item>
		</Item>
		<Item class="Keyframe" referent="RBX208">
			<Properties>
				<string name="Name">Keyframe</string>
				<float name="Time">0.302419</float>
			</Properties>
			<Item class="Pose" referent="RBX211">
				<Properties>
					<CoordinateFrame name="CFrame">
						<X>0.000000</X> <Y>-0.000000</Y> <Z>0.000000</Z>
						<R00>1.000000</R00> <R01>0.000000</R01> <R02>0.000000</R02>
						<R10>-0.000000</R10> <R11>1.000000</R11> <R12>-0.000000</R12>
						<R20>0.000000</R20> <R21>0.000000</R21> <R22>1.000000</R22>
					</CoordinateFrame>
					<float name="MaskWeight">0</float>
					<string name="Name">HumanoidRootPart</string>
					<float name="Weight">1</float>
				</Properties>
				<Item class="Pose" referent="RBX212">
					<Properties>
						<CoordinateFrame name="CFrame">
							<X>0.000000</X> <Y>-0.193291</Y> <Z>-0.329917</Z>
							<R00>1.000000</R00> <R01>0.000000</R01> <R02>0.000000</R02>
							<R10>-0.000000</R10> <R11>0.987934</R11> <R12>-0.154874</R12>
							<R20>0.000000</R20> <R21>0.154874</R21> <R22>0.987934</R22>
						</CoordinateFrame>
						<float name="MaskWeight">0</float>
						<string name="Name">Torso</string>
						<float name="Weight">1</float>
					</Properties>
					<Item class="Pose" referent="RBX215">
						<Properties>
							<CoordinateFrame name="CFrame">
								<X>0.082192</X> <Y>-0.238619</Y> <Z>0.163013</Z>
								<R00>0.888239</R00> <R01>0.456879</R01> <R02>0.047881</R02>
								<R10>-0.457110</R10> <R11>0.868684</R11> <R12>0.190888</R12>
								<R20>0.045619</R20> <R21>-0.191442</R21> <R22>0.980443</R22>
							</CoordinateFrame>
							<float name="MaskWeight">0</float>
							<string name="Name">Right Arm</string>
							<float name="Weight">1</float>
						</Properties>
					</Item>
					<Item class="Pose" referent="RBX218">
						<Properties>
							<CoordinateFrame name="CFrame">
								<X>0.000000</X> <Y>0.000000</Y> <Z>0.000000</Z>
								<R00>0.999858</R00> <R01>-0.001057</R01> <R02>-0.016841</R02>
								<R10>-0.002024</R10> <R11>0.983324</R11> <R12>-0.181852</R12>
								<R20>0.016752</R20> <R21>0.181861</R21> <R22>0.983182</R22>
							</CoordinateFrame>
							<float name="MaskWeight">0</float>
							<string name="Name">Head</string>
							<float name="Weight">1</float>
						</Properties>
					</Item>
					<Item class="Pose" referent="RBX222">
						<Properties>
							<CoordinateFrame name="CFrame">
								<X>0.002268</X> <Y>-0.063536</Y> <Z>0.213390</Z>
								<R00>0.936703</R00> <R01>-0.292740</R01> <R02>-0.192071</R02>
								<R10>0.341554</R10> <R11>0.884648</R11> <R12>0.317394</R12>
								<R20>0.077001</R20> <R21>-0.362906</R21> <R22>0.928639</R22>
							</CoordinateFrame>
							<float name="MaskWeight">0</float>
							<string name="Name">Left Arm</string>
							<float name="Weight">1</float>
						</Properties>
					</Item>
					<Item class="Pose" referent="RBX225">
						<Properties>
							<CoordinateFrame name="CFrame">
								<X>0.041154</X> <Y>0.320687</Y> <Z>0.000000</Z>
								<R00>0.993374</R00> <R01>0.114927</R01> <R02>-0.000866</R02>
								<R10>-0.114930</R10> <R11>0.993315</R11> <R12>-0.010818</R12>
								<R20>-0.000383</R20> <R21>0.010846</R21> <R22>0.999941</R22>
							</CoordinateFrame>
							<float name="MaskWeight">0</float>
							<string name="Name">Left Leg</string>
							<float name="Weight">1</float>
						</Properties>
					</Item>
					<Item class="Pose" referent="RBX228">
						<Properties>
							<CoordinateFrame name="CFrame">
								<X>-0.040745</X> <Y>0.317498</Y> <Z>0.000000</Z>
								<R00>0.988050</R00> <R01>-0.153205</R01> <R02>0.016913</R02>
								<R10>0.153298</R10> <R11>0.988171</R11> <R12>-0.004352</R12>
								<R20>-0.016046</R20> <R21>0.006893</R21> <R22>0.999848</R22>
							</CoordinateFrame>
							<float name="MaskWeight">0</float>
