<roblox xmlns:xmime="http://www.w3.org/2005/05/xmlmime" xmlns:xsi="http://www.w3.org/2001/XMLSchema-instance" xsi:noNamespaceSchemaLocation="http://www.mulrbx.com/roblox.xsd" version="4" assettype="animation">
   <External>null</External>
   <External>nil</External>
   <Item class="KeyframeSequence" referent="RBX0">
		<Properties>
			<bool name="Loop">false</bool>
			<string name="Name">Test</string>
			<token name="Priority">1000</token>
		</Properties>
		<Item class="Keyframe" referent="RBX1">
			<Properties>
				<string name="Name">Keyframe</string>
				<float name="Time">0.000000</float>
			</Properties>
			<Item class="Pose" referent="RBX4">
				<Properties>
					<CoordinateFrame name="CFrame">
						<X>0.000000</X> <Y>-0.000000</Y> <Z>0.000000</Z>
						<R00>1.000000</R00> <R01>0.000000</R01> <R02>0.000000</R02>
						<R10>-0.000000</R10> <R11>1.000000</R11> <R12>-0.000000</R12>
						<R20>0.000000</R20> <R21>0.000000</R21> <R22>1.000000</R22>
					</CoordinateFrame>
					<float name="MaskWeight">0</float>
					<string name="Name">HumanoidRootPart</string>
					<float name="Weight">1</float>
				</Properties>
				<Item class="Pose" referent="RBX5">
					<Properties>
						<CoordinateFrame name="CFrame">
							<X>0.000000</X> <Y>0.253571</Y> <Z>0.000000</Z>
							<R00>1.000000</R00> <R01>0.000000</R01> <R02>0.000000</R02>
							<R10>-0.000000</R10> <R11>1.000000</R11> <R12>-0.000000</R12>
							<R20>0.000000</R20> <R21>0.000000</R21> <R22>1.000000</R22>
						</CoordinateFrame>
						<float name="MaskWeight">0</float>
						<string name="Name">Torso</string>
						<float name="Weight">1</float>
					</Properties>
					<Item class="Pose" referent="RBX8">
						<Properties>
							<CoordinateFrame name="CFrame">
								<X>-0.000000</X> <Y>0.000000</Y> <Z>0.000000</Z>
								<R00>1.000000</R00> <R01>-0.000000</R01> <R02>0.000000</R02>
								<R10>-0.000000</R10> <R11>1.000000</R11> <R12>0.000000</R12>
								<R20>0.000000</R20> <R21>0.000000</R21> <R22>1.000000</R22>
							</CoordinateFrame>
							<float name="MaskWeight">0</float>
							<string name="Name">Right Arm</string>
							<float name="Weight">1</float>
						</Properties>
					</Item>
					<Item class="Pose" referent="RBX11">
						<Properties>
							<CoordinateFrame name="CFrame">
								<X>0.000000</X> <Y>0.000000</Y> <Z>0.000000</Z>
								<R00>1.000000</R00> <R01>0.000000</R01> <R02>0.000000</R02>
								<R10>0.000000</R10> <R11>1.000000</R11> <R12>-0.000000</R12>
								<R20>0.000000</R20> <R21>0.000000</R21> <R22>1.000000</R22>
							</CoordinateFrame>
							<float name="MaskWeight">0</float>
							<string name="Name">Head</string>
							<float name="Weight">1</float>
						</Properties>
					</Item>
					<Item class="Pose" referent="RBX15">
						<Properties>
							<CoordinateFrame name="CFrame">
								<X>0.000000</X> <Y>0.000000</Y> <Z>0.000000</Z>
								<R00>1.000000</R00> <R01>-0.000000</R01> <R02>0.000000</R02>
								<R10>-0.000000</R10> <R11>1.000000</R11> <R12>0.000000</R12>
								<R20>0.000000</R20> <R21>0.000000</R21> <R22>1.000000</R22>
							</CoordinateFrame>
							<float name="MaskWeight">0</float>
							<string name="Name">Left Arm</string>
							<float name="Weight">1</float>
						</Properties>
					</Item>
					<Item class="Pose" referent="RBX18">
						<Properties>
							<CoordinateFrame name="CFrame">
								<X>0.000000</X> <Y>0.000000</Y> <Z>0.000000</Z>
								<R00>1.000000</R00> <R01>0.000000</R01> <R02>0.000000</R02>
								<R10>0.000000</R10> <R11>1.000000</R11> <R12>0.000000</R12>
								<R20>0.000000</R20> <R21>0.000000</R21> <R22>1.000000</R22>
							</CoordinateFrame>
							<float name="MaskWeight">0</float>
							<string name="Name">Left Leg</string>
							<float name="Weight">1</float>
						</Properties>
					</Item>
					<Item class="Pose" referent="RBX21">
						<Properties>
							<CoordinateFrame name="CFrame">
								<X>-0.000000</X> <Y>0.000000</Y> <Z>-0.000000</Z>
								<R00>1.000000</R00> <R01>0.000000</R01> <R02>0.000000</R02>
								<R10>0.000000</R10> <R11>1.000000</R11> <R12>0.000000</R12>
								<R20>0.000000</R20> <R21>0.000000</R21> <R22>1.000000</R22>
							</CoordinateFrame>
							<float name="MaskWeight">0</float>
							<string name="Name">Right Leg</string>
							<float name="Weight">1</float>
						</Properties>
					</Item>
				</Item>
			</Item>
		</Item>
		<Item class="Keyframe" referent="RBX23">
			<Properties>
				<string name="Name">Keyframe</string>
				<float name="Time">0.034091</float>
			</Properties>
			<Item class="Pose" referent="RBX26">
				<Properties>
					<CoordinateFrame name="CFrame">
						<X>0.000000</X> <Y>-0.000000</Y> <Z>0.000000</Z>
						<R00>1.000000</R00> <R01>0.000000</R01> <R02>0.000000</R02>
						<R10>-0.000000</R10> <R11>1.000000</R11> <R12>-0.000000</R12>
						<R20>0.000000</R20> <R21>0.000000</R21> <R22>1.000000</R22>
					</CoordinateFrame>
					<float name="MaskWeight">0</float>
					<string name="Name">HumanoidRootPart</string>
					<float name="Weight">1</float>
				</Properties>
				<Item class="Pose" referent="RBX27">
					<Properties>
						<CoordinateFrame name="CFrame">
							<X>0.000000</X> <Y>0.284506</Y> <Z>-0.015848</Z>
							<R00>1.000000</R00> <R01>0.000000</R01> <R02>0.000000</R02>
							<R10>-0.000000</R10> <R11>0.997794</R11> <R12>0.066390</R12>
							<R20>0.000000</R20> <R21>-0.066390</R21> <R22>0.997794</R22>
						</CoordinateFrame>
						<float name="MaskWeight">0</float>
						<string name="Name">Torso</string>
						<float name="Weight">1</float>
					</Properties>
					<Item class="Pose" referent="RBX30">
						<Properties>
							<CoordinateFrame name="CFrame">
								<X>0.173865</X> <Y>-0.000000</Y> <Z>0.029320</Z>
								<R00>0.852179</R00> <R01>-0.493581</R01> <R02>0.173690</R02>
								<R10>0.446087</R10> <R11>0.858815</R11> <R12>0.251878</R12>
								<R20>-0.273490</R20> <R21>-0.137165</R21> <R22>0.952045</R22>
							</CoordinateFrame>
							<float name="MaskWeight">0</float>
							<string name="Name">Right Arm</string>
							<float name="Weight">1</float>
						</Properties>
					</Item>
					<Item class="Pose" referent="RBX33">
						<Properties>
							<CoordinateFrame name="CFrame">
								<X>0.000000</X> <Y>0.000000</Y> <Z>-0.000000</Z>
								<R00>0.999974</R00> <R01>0.006801</R01> <R02>-0.002228</R02>
								<R10>-0.006900</R10> <R11>0.998838</R11> <R12>-0.047697</R12>
								<R20>0.001901</R20> <R21>0.047711</R21> <R22>0.998859</R22>
							</CoordinateFrame>
							<float name="MaskWeight">0</float>
							<string name="Name">Head</string>
							<float name="Weight">1</float>
						</Properties>
					</Item>
					<Item class="Pose" referent="RBX37">
						<Properties>
							<CoordinateFrame name="CFrame">
								<X>0.000000</X> <Y>0.000000</Y> <Z>0.057461</Z>
								<R00>0.981313</R00> <R01>0.137817</R01> <R02>-0.134283</R02>
								<R10>-0.132411</R10> <R11>0.990011</R11> <R12>0.048435</R12>
								<R20>0.139617</R20> <R21>-0.029749</R21> <R22>0.989759</R22>
							</CoordinateFrame>
							<float name="MaskWeight">0</float>
							<string name="Name">Left Arm</string>
							<float name="Weight">1</float>
						</Properties>
					</Item>
					<Item class="Pose" referent="RBX40">
						<Properties>
							<CoordinateFrame name="CFrame">
								<X>-0.001433</X> <Y>0.002883</Y> <Z>0.000000</Z>
								<R00>0.997697</R00> <R01>-0.067824</R01> <R02>0.000000</R02>
								<R10>0.067824</R10> <R11>0.997697</R11> <R12>0.000000</R12>
								<R20>0.000000</R20> <R21>-0.000000</R21> <R22>1.000000</R22>
							</CoordinateFrame>
							<float name="MaskWeight">0</float>
							<string name="Name">Left Leg</string>
							<float name="Weight">1</float>
						</Properties>
					</Item>
					<Item class="Pose" referent="RBX43">
						<Properties>
							<CoordinateFrame name="CFrame">
								<X>0.001874</X> <Y>0.002597</Y> <Z>-0.000000</Z>
								<R00>0.998031</R00> <R01>0.062721</R01> <R02>-0.000000</R02>
								<R10>-0.062721</R10> <R11>0.998031</R11> <R12>-0.000000</R12>
								<R20>-0.000000</R20> <R21>0.000000</R21> <R22>1.000000</R22>
							</CoordinateFrame>
							<float name="MaskWeight">0</float>
							<string name="Name">Right Leg</string>
							<float name="Weight">1</float>
						</Properties>
					</Item>
				</Item>
			</Item>
		</Item>
		<Item class="Keyframe" referent="RBX45">
			<Properties>
				<string name="Name">Keyframe</string>
				<float name="Time">0.068182</float>
			</Properties>
			<Item class="Pose" referent="RBX48">
				<Properties>
					<CoordinateFrame name="CFrame">
						<X>0.000000</X> <Y>-0.000000</Y> <Z>0.000000</Z>
						<R00>1.000000</R00> <R01>0.000000</R01> <R02>0.000000</R02>
						<R10>-0.000000</R10> <R11>1.000000</R11> <R12>-0.000000</R12>
						<R20>0.000000</R20> <R21>0.000000</R21> <R22>1.000000</R22>
					</CoordinateFrame>
					<float name="MaskWeight">0</float>
					<string name="Name">HumanoidRootPart</string>
					<float name="Weight">1</float>
				</Properties>
				<Item class="Pose" referent="RBX49">
					<Properties>
						<CoordinateFrame name="CFrame">
							<X>0.000000</X> <Y>0.358433</Y> <Z>-0.034603</Z>
							<R00>1.000000</R00> <R01>0.000000</R01> <R02>0.000000</R02>
							<R10>-0.000000</R10> <R11>0.990565</R11> <R12>0.137043</R12>
							<R20>0.000000</R20> <R21>-0.137043</R21> <R22>0.990565</R22>
						</CoordinateFrame>
						<float name="MaskWeight">0</float>
						<string name="Name">Torso</string>
						<float name="Weight">1</float>
					</Properties>
					<Item class="Pose" referent="RBX52">
						<Properties>
							<CoordinateFrame name="CFrame">
								<X>0.359762</X> <Y>0.000000</Y> <Z>0.060668</Z>
								<R00>0.356411</R00> <R01>-0.879516</R01> <R02>0.315313</R02>
								<R10>0.723259</R10> <R11>0.473356</R11> <R12>0.502823</R12>
								<R20>-0.591496</R20> <R21>0.048841</R21> <R22>0.804827</R22>
							</CoordinateFrame>
							<float name="MaskWeight">0</float>
							<string name="Name">Right Arm</string>
							<float name="Weight">1</float>
						</Properties>
					</Item>
					<Item class="Pose" referent="RBX55">
						<Properties>
							<CoordinateFrame name="CFrame">
								<X>0.000000</X> <Y>0.000000</Y> <Z>0.000000</Z>
								<R00>0.999901</R00> <R01>0.013316</R01> <R02>-0.004589</R02>
								<R10>-0.013720</R10> <R11>0.994516</R11> <R12>-0.103680</R12>
								<R20>0.003183</R20> <R21>0.103732</R21> <R22>0.994600</R22>
							</CoordinateFrame>
							<float name="MaskWeight">0</float>
							<string name="Name">Head</string>
							<float name="Weight">1</float>
						</Properties>
					</Item>
					<Item class="Pose" referent="RBX59">
						<Properties>
							<CoordinateFrame name="CFrame">
								<X>0.000000</X> <Y>-0.000000</Y> <Z>0.118899</Z>
								<R00>0.917682</R00> <R01>0.287684</R01> <R02>-0.274040</R02>
								<R10>-0.270296</R10> <R11>0.957560</R11> <R12>0.100093</R12>
								<R20>0.291205</R20> <R21>-0.017782</R21> <R22>0.956495</R22>
							</CoordinateFrame>
							<float name="MaskWeight">0</float>
							<string name="Name">Left Arm</string>
							<float name="Weight">1</float>
						</Properties>
					</Item>
					<Item class="Pose" referent="RBX62">
						<Properties>
							<CoordinateFrame name="CFrame">
								<X>-0.004153</X> <Y>0.007762</Y> <Z>0.000000</Z>
								<R00>0.990427</R00> <R01>-0.138036</R01> <R02>0.000000</R02>
								<R10>0.138036</R10> <R11>0.990427</R11> <R12>0.000000</R12>
								<R20>0.000000</R20> <R21>-0.000000</R21> <R22>1.000000</R22>
							</CoordinateFrame>
							<float name="MaskWeight">0</float>
							<string name="Name">Left Leg</string>
							<float name="Weight">1</float>
						</Properties>
					</Item>
					<Item class="Pose" referent="RBX65">
						<Properties>
							<CoordinateFrame name="CFrame">
								<X>0.005278</X> <Y>0.007008</Y> <Z>-0.000000</Z>
								<R00>0.991847</R00> <R01>0.127431</R01> <R02>0.000000</R02>
								<R10>-0.127431</R10> <R11>0.991847</R11> <R12>-0.000000</R12>
								<R20>0.000000</R20> <R21>0.000000</R21> <R22>1.000000</R22>
							</CoordinateFrame>
							<float name="MaskWeight">0</float>
							<string name="Name">Right Leg</string>
							<float name="Weight">1</float>
						</Properties>
					</Item>
				</Item>
			</Item>
		</Item>
		<Item class="Keyframe" referent="RBX67">
			<Properties>
				<string name="Name">Keyframe</string>
				<float name="Time">0.102273</float>
			</Properties>
			<Item class="Pose" referent="RBX70">
				<Properties>
					<CoordinateFrame name="CFrame">
						<X>0.000000</X> <Y>-0.000000</Y> <Z>0.000000</Z>
						<R00>1.000000</R00> <R01>0.000000</R01> <R02>0.000000</R02>
						<R10>-0.000000</R10> <R11>1.000000</R11> <R12>-0.000000</R12>
						<R20>0.000000</R20> <R21>0.000000</R21> <R22>1.000000</R22>
					</CoordinateFrame>
					<float name="MaskWeight">0</float>
					<string name="Name">HumanoidRootPart</string>
					<float name="Weight">1</float>
				</Properties>
				<Item class="Pose" referent="RBX71">
					<Properties>
						<CoordinateFrame name="CFrame">
							<X>0.000000</X> <Y>0.447041</Y> <Z>-0.051789</Z>
							<R00>1.000000</R00> <R01>-0.000000</R01> <R02>0.000000</R02>
							<R10>-0.000000</R10> <R11>0.978851</R11> <R12>0.204577</R12>
							<R20>0.000000</R20> <R21>-0.204577</R21> <R22>0.978851</R22>
						</CoordinateFrame>
						<float name="MaskWeight">0</float>
						<string name="Name">Torso</string>
						<float name="Weight">1</float>
					</Properties>
					<Item class="Pose" referent="RBX74">
						<Properties>
							<CoordinateFrame name="CFrame">
								<X>0.539168</X> <Y>0.000000</Y> <Z>0.090922</Z>
								<R00>-0.303470</R00> <R01>-0.876464</R01> <R02>0.373788</R02>
								<R10>0.701578</R10> <R11>0.059909</R11> <R12>0.710069</R12>
								<R20>-0.644743</R20> <R21>0.477726</R21> <R22>0.596728</R22>
							</CoordinateFrame>
							<float name="MaskWeight">0</float>
							<string name="Name">Right Arm</string>
							<float name="Weight">1</float>
						</Properties>
					</Item>
					<Item class="Pose" referent="RBX77">
						<Properties>
							<CoordinateFrame name="CFrame">
								<X>0.000000</X> <Y>-0.000000</Y> <Z>0.000000</Z>
								<R00>0.999784</R00> <R01>0.019597</R01> <R02>-0.006976</R02>
								<R10>-0.020441</R10> <R11>0.987728</R11> <R12>-0.154841</R12>
								<R20>0.003856</R20> <R21>0.154950</R21> <R22>0.987915</R22>
							</CoordinateFrame>
							<float name="MaskWeight">0</float>
							<string name="Name">Head</string>
							<float name="Weight">1</float>
						</Properties>
					</Item>
					<Item class="Pose" referent="RBX81">
						<Properties>
							<CoordinateFrame name="CFrame">
								<X>0.000000</X> <Y>-0.000000</Y> <Z>0.178192</Z>
								<R00>0.812888</R00> <R01>0.421895</R01> <R02>-0.401519</R02>
								<R10>-0.396214</R10> <R11>0.905873</R11> <R12>0.149695</R12>
								<R20>0.426880</R20> <R21>0.037402</R21> <R22>0.903534</R22>
							</CoordinateFrame>
							<float name="MaskWeight">0</float>
							<string name="Name">Left Arm</string>
							<float name="Weight">1</float>
						</Properties>
					</Item>
					<Item class="Pose" referent="RBX84">
						<Properties>
							<CoordinateFrame name="CFrame">
								<X>-0.006179</X> <Y>0.011564</Y> <Z>0.000000</Z>
								<R00>0.978527</R00> <R01>-0.206121</R01> <R02>0.000000</R02>
								<R10>0.206121</R10> <R11>0.978527</R11> <R12>0.000000</R12>
								<R20>0.000000</R20> <R21>0.000000</R21> <R22>1.000000</R22>
							</CoordinateFrame>
							<float name="MaskWeight">0</float>
							<string name="Name">Left Leg</string>
							<float name="Weight">1</float>
						</Properties>
					</Item>
					<Item class="Pose" referent="RBX87">
						<Properties>
							<CoordinateFrame name="CFrame">
								<X>0.007857</X> <Y>0.010440</Y> <Z>-0.000000</Z>
								<R00>0.981705</R00> <R01>0.190409</R01> <R02>0.000000</R02>
								<R10>-0.190409</R10> <R11>0.981705</R11> <R12>-0.000000</R12>
								<R20>0.000000</R20> <R21>-0.000000</R21> <R22>1.000000</R22>
							</CoordinateFrame>
							<float name="MaskWeight">0</float>
							<string name="Name">Right Leg</string>
							<float name="Weight">1</float>
						</Properties>
					</Item>
				</Item>
			</Item>
		</Item>
		<Item class="Keyframe" referent="RBX89">
			<Properties>
				<string name="Name">Keyframe</string>
				<float name="Time">0.136364</float>
			</Properties>
			<Item class="Pose" referent="RBX92">
				<Properties>
					<CoordinateFrame name="CFrame">
						<X>0.000000</X> <Y>-0.000000</Y> <Z>0.000000</Z>
						<R00>1.000000</R00> <R01>0.000000</R01> <R02>0.000000</R02>
						<R10>-0.000000</R10> <R11>1.000000</R11> <R12>-0.000000</R12>
						<R20>0.000000</R20> <R21>0.000000</R21> <R22>1.000000</R22>
					</CoordinateFrame>
					<float name="MaskWeight">0</float>
					<string name="Name">HumanoidRootPart</string>
					<float name="Weight">1</float>
				</Properties>
				<Item class="Pose" referent="RBX93">
					<Properties>
						<CoordinateFrame name="CFrame">
							<X>0.000000</X> <Y>0.522017</Y> <Z>-0.062454</Z>
							<R00>1.000000</R00> <R01>-0.000000</R01> <R02>0.000000</R02>
							<R10>-0.000000</R10> <R11>0.965538</R11> <R12>0.260261</R12>
							<R20>0.000000</R20> <R21>-0.260261</R21> <R22>0.965538</R22>
						</CoordinateFrame>
						<float name="MaskWeight">0</float>
						<string name="Name">Torso</string>
						<float name="Weight">1</float>
					</Properties>
					<Item class="Pose" referent="RBX96">
						<Properties>
							<CoordinateFrame name="CFrame">
								<X>0.689017</X> <Y>0.000000</Y> <Z>0.116192</Z>
								<R00>-0.768431</R00> <R01>-0.536207</R01> <R02>0.349279</R02>
								<R10>0.504322</R10> <R11>-0.171451</R11> <R12>0.846324</R12>
								<R20>-0.393921</R20> <R21>0.826491</R21> <R22>0.402169</R22>
							</CoordinateFrame>
							<float name="MaskWeight">0</float>
							<string name="Name">Right Arm</string>
							<float name="Weight">1</float>
						</Properties>
					</Item>
					<Item class="Pose" referent="RBX99">
						<Properties>
							<CoordinateFrame name="CFrame">
								<X>-0.000000</X> <Y>0.000000</Y> <Z>0.000000</Z>
								<R00>0.999623</R00> <R01>0.025853</R01> <R02>-0.009290</R02>
								<R10>-0.027134</R10> <R11>0.982010</R11> <R12>-0.186866</R12>
								<R20>0.004292</R20> <R21>0.187048</R21> <R22>0.982341</R22>
							</CoordinateFrame>
							<float name="MaskWeight">0</float>
							<string name="Name">Head</string>
							<float name="Weight">1</float>
						</Properties>
					</Item>
					<Item class="Pose" referent="RBX103">
						<Properties>
							<CoordinateFrame name="CFrame">
								<X>0.000000</X> <Y>0.000000</Y> <Z>0.227716</Z>
								<R00>0.694975</R00> <R01>0.516766</R01> <R02>-0.499962</R02>
								<R10>-0.493618</R10> <R11>0.848481</R11> <R12>0.190843</R12>
								<R20>0.522829</R20> <R21>0.114160</R21> <R22>0.844759</R22>
							</CoordinateFrame>
							<float name="MaskWeight">0</float>
							<string name="Name">Left Arm</string>
							<float name="Weight">1</float>
						</Properties>
					</Item>
					<Item class="Pose" referent="RBX106">
						<Properties>
							<CoordinateFrame name="CFrame">
								<X>-0.005324</X> <Y>0.010929</Y> <Z>0.000000</Z>
								<R00>0.963642</R00> <R01>-0.267196</R01> <R02>0.000000</R02>
								<R10>0.267196</R10> <R11>0.963642</R11> <R12>0.000000</R12>
								<R20>-0.000000</R20> <R21>-0.000000</R21> <R22>1.000000</R22>
							</CoordinateFrame>
							<float name="MaskWeight">0</float>
							<string name="Name">Left Leg</string>
							<float name="Weight">1</float>
						</Properties>
					</Item>
					<Item class="Pose" referent="RBX109">
						<Properties>
							<CoordinateFrame name="CFrame">
								<X>0.007027</X> <Y>0.009844</Y> <Z>0.000000</Z>
								<R00>0.968865</R00> <R01>0.247589</R01> <R02>0.000000</R02>
								<R10>-0.247589</R10> <R11>0.968865</R11> <R12>-0.000000</R12>
								<R20>0.000000</R20> <R21>0.000000</R21> <R22>1.000000</R22>
							</CoordinateFrame>
							<float name="MaskWeight">0</float>
							<string name="Name">Right Leg</string>
							<float name="Weight">1</float>
						</Properties>
					</Item>
				</Item>
			</Item>
		</Item>
		<Item class="Keyframe" referent="RBX111">
			<Properties>
				<string name="Name">Keyframe</string>
				<float name="Time">0.170455</float>
			</Properties>
			<Item class="Pose" referent="RBX114">
				<Properties>
					<CoordinateFrame name="CFrame">
						<X>0.000000</X> <Y>-0.000000</Y> <Z>0.000000</Z>
						<R00>1.000000</R00> <R01>0.000000</R01> <R02>0.000000</R02>
						<R10>-0.000000</R10> <R11>1.000000</R11> <R12>-0.000000</R12>
						<R20>0.000000</R20> <R21>0.000000</R21> <R22>1.000000</R22>
					</CoordinateFrame>
					<float name="MaskWeight">0</float>
					<string name="Name">HumanoidRootPart</string>
					<float name="Weight">1</float>
				</Properties>
				<Item class="Pose" referent="RBX115">
					<Properties>
						<CoordinateFrame name="CFrame">
							<X>0.000000</X> <Y>0.555049</Y> <Z>-0.060456</Z>
							<R00>1.000000</R00> <R01>0.000000</R01> <R02>0.000000</R02>
							<R10>-0.000000</R10> <R11>0.954915</R11> <R12>0.296878</R12>
							<R20>0.000000</R20> <R21>-0.296878</R21> <R22>0.954915</R22>
						</CoordinateFrame>
						<float name="MaskWeight">0</float>
						<string name="Name">Torso</string>
						<float name="Weight">1</float>
					</Properties>
					<Item class="Pose" referent="RBX118">
						<Properties>
							<CoordinateFrame name="CFrame">
								<X>0.788797</X> <Y>0.000000</Y> <Z>0.133018</Z>
								<R00>-0.937632</R00> <R01>-0.184150</R01> <R02>0.294848</R02>
								<R10>0.332637</R10> <R11>-0.228859</R11> <R12>0.914864</R12>
								<R20>-0.100993</R20> <R21>0.955883</R21> <R22>0.275841</R22>
							</CoordinateFrame>
							<float name="MaskWeight">0</float>
							<string name="Name">Right Arm</string>
							<float name="Weight">1</float>
						</Properties>
					</Item>
					<Item class="Pose" referent="RBX121">
						<Properties>
							<CoordinateFrame name="CFrame">
								<X>0.000000</X> <Y>-0.000000</Y> <Z>0.000000</Z>
								<R00>0.999405</R00> <R01>0.032513</R01> <R02>-0.011492</R02>
								<R10>-0.034067</R10> <R11>0.982553</R11> <R12>-0.182834</R12>
								<R20>0.005347</R20> <R21>0.183117</R21> <R22>0.983077</R22>
							</CoordinateFrame>
							<float name="MaskWeight">0</float>
							<string name="Name">Head</string>
							<float name="Weight">1</float>
						</Properties>
					</Item>
					<Item class="Pose" referent="RBX125">
						<Properties>
							<CoordinateFrame name="CFrame">
								<X>0.000000</X> <Y>0.000000</Y> <Z>0.260692</Z>
								<R00>0.603105</R00> <R01>0.567532</R01> <R02>-0.560510</R02>
								<R10>-0.553636</R10> <R11>0.803701</R11> <R12>0.218062</R12>
								<R20>0.574240</R20> <R21>0.178805</R21> <R22>0.798923</R22>
							</CoordinateFrame>
							<float name="MaskWeight">0</float>
							<string name="Name">Left Arm</string>
							<float name="Weight">1</float>
						</Properties>
					</Item>
					<Item class="Pose" referent="RBX128">
						<Properties>
							<CoordinateFrame name="CFrame">
								<X>0.001145</X> <Y>0.001563</Y> <Z>0.000000</Z>
								<R00>0.948728</R00> <R01>-0.316093</R01> <R02>0.000000</R02>
								<R10>0.316093</R10> <R11>0.948728</R11> <R12>0.000000</R12>
								<R20>0.000000</R20> <R21>0.000000</R21> <R22>1.000000</R22>
							</CoordinateFrame>
							<float name="MaskWeight">0</float>
							<string name="Name">Left Leg</string>
							<float name="Weight">1</float>
						</Properties>
					</Item>
					<Item class="Pose" referent="RBX131">
						<Properties>
							<CoordinateFrame name="CFrame">
								<X>-0.000497</X> <Y>0.001313</Y> <Z>-0.000000</Z>
								<R00>0.955604</R00> <R01>0.294655</R01> <R02>0.000000</R02>
								<R10>-0.294655</R10> <R11>0.955604</R11> <R12>-0.000000</R12>
								<R20>0.000000</R20> <R21>-0.000000</R21> <R22>1.000000</R22>
							</CoordinateFrame>
							<float name="MaskWeight">0</float>
							<string name="Name">Right Leg</string>
							<float name="Weight">1</float>
						</Properties>
					</Item>
				</Item>
			</Item>
		</Item>
		<Item class="Keyframe" referent="RBX133">
			<Properties>
				<string name="Name">Keyframe</string>
				<float name="Time">0.204545</float>
			</Properties>
			<Item class="Pose" referent="RBX136">
				<Properties>
					<CoordinateFrame name="CFrame">
						<X>0.000000</X> <Y>-0.000000</Y> <Z>0.000000</Z>
						<R00>1.000000</R00> <R01>0.000000</R01> <R02>0.000000</R02>
						<R10>-0.000000</R10> <R11>1.000000</R11> <R12>-0.000000</R12>
						<R20>0.000000</R20> <R21>0.000000</R21> <R22>1.000000</R22>
					</CoordinateFrame>
					<float name="MaskWeight">0</float>
					<string name="Name">HumanoidRootPart</string>
					<float name="Weight">1</float>
				</Properties>
				<Item class="Pose" referent="RBX137">
					<Properties>
						<CoordinateFrame name="CFrame">
							<X>0.000000</X> <Y>0.555097</Y> <Z>-0.009532</Z>
							<R00>1.000000</R00> <R01>0.000000</R01> <R02>-0.000000</R02>
							<R10>-0.000000</R10> <R11>0.949174</R11> <R12>0.314753</R12>
							<R20>0.000000</R20> <R21>-0.314753</R21> <R22>0.949174</R22>
						</CoordinateFrame>
						<float name="MaskWeight">0</float>
						<string name="Name">Torso</string>
						<float name="Weight">1</float>
					</Properties>
					<Item class="Pose" referent="RBX140">
						<Properties>
							<CoordinateFrame name="CFrame">
								<X>0.837929</X> <Y>0.000000</Y> <Z>0.141304</Z>
								<R00>-0.966262</R00> <R01>0.006832</R01> <R02>0.257470</R02>
								<R10>0.249276</R10> <R11>-0.226705</R11> <R12>0.941524</R12>
								<R20>0.064803</R20> <R21>0.973940</R21> <R22>0.217353</R22>
							</CoordinateFrame>
							<float name="MaskWeight">0</float>
							<string name="Name">Right Arm</string>
							<float name="Weight">1</float>
						</Properties>
					</Item>
					<Item class="Pose" referent="RBX143">
						<Properties>
							<CoordinateFrame name="CFrame">
								<X>0.000000</X> <Y>0.000000</Y> <Z>0.000000</Z>
								<R00>0.999014</R00> <R01>0.042247</R01> <R02>-0.013619</R02>
								<R10>-0.042866</R10> <R11>0.997883</R11> <R12>-0.048920</R12>
								<R20>0.011523</R20> <R21>0.049455</R21> <R22>0.998710</R22>
							</CoordinateFrame>
							<float name="MaskWeight">0</float>
							<string name="Name">Head</string>
							<float name="Weight">1</float>
						</Properties>
					</Item>
					<Item class="Pose" referent="RBX147">
						<Properties>
							<CoordinateFrame name="CFrame">
								<X>0.000000</X> <Y>0.000000</Y> <Z>0.276930</Z>
								<R00>0.554507</R00> <R01>0.588201</R01> <R02>-0.588678</R02>
								<R10>-0.581596</R10> <R11>0.779871</R11> <R12>0.231404</R12>
								<R20>0.595205</R20> <R21>0.214058</R21> <R22>0.774539</R22>
							</CoordinateFrame>
							<float name="MaskWeight">0</float>
							<string name="Name">Left Arm</string>
							<float name="Weight">1</float>
						</Properties>
					</Item>
					<Item class="Pose" referent="RBX150">
						<Properties>
							<CoordinateFrame name="CFrame">
								<X>0.029777</X> <Y>-0.044329</Y> <Z>0.000000</Z>
								<R00>0.943873</R00> <R01>-0.330310</R01> <R02>0.000000</R02>
								<R10>0.330310</R10> <R11>0.943873</R11> <R12>0.000000</R12>
								<R20>-0.000000</R20> <R21>-0.000000</R21> <R22>1.000000</R22>
							</CoordinateFrame>
							<float name="MaskWeight">0</float>
							<string name="Name">Left Leg</string>
							<float name="Weight">1</float>
						</Properties>
					</Item>
					<Item class="Pose" referent="RBX153">
						<Properties>
							<CoordinateFrame name="CFrame">
								<X>-0.035616</X> <Y>-0.040527</Y> <Z>-0.000000</Z>
								<R00>0.949570</R00> <R01>0.313556</R01> <R02>0.000000</R02>
								<R10>-0.313556</R10> <R11>0.949570</R11> <R12>0.000000</R12>
								<R20>-0.000000</R20> <R21>0.000000</R21> <R22>1.000000</R22>
							</CoordinateFrame>
							<float name="MaskWeight">0</float>
							<string name="Name">Right Leg</string>
							<float name="Weight">1</float>
						</Properties>
					</Item>
				</Item>
			</Item>
		</Item>
		<Item class="Keyframe" referent="RBX155">
			<Properties>
				<string name="Name">Keyframe</string>
				<float name="Time">0.238636</float>
			</Properties>
			<Item class="Pose" referent="RBX158">
				<Properties>
					<CoordinateFrame name="CFrame">
						<X>0.000000</X> <Y>-0.000000</Y> <Z>0.000000</Z>
						<R00>1.000000</R00> <R01>0.000000</R01> <R02>0.000000</R02>
						<R10>-0.000000</R10> <R11>1.000000</R11> <R12>-0.000000</R12>
						<R20>0.000000</R20> <R21>0.000000</R21> <R22>1.000000</R22>
					</CoordinateFrame>
					<float name="MaskWeight">0</float>
					<string name="Name">HumanoidRootPart</string>
					<float name="Weight">1</float>
				</Properties>
				<Item class="Pose" referent="RBX159">
					<Properties>
						<CoordinateFrame name="CFrame">
							<X>0.000000</X> <Y>0.555097</Y> <Z>0.055946</Z>
							<R00>1.000000</R00> <R01>0.000000</R01> <R02>0.000000</R02>
							<R10>-0.000000</R10> <R11>0.946598</R11> <R12>0.322418</R12>
							<R20>0.000000</R20> <R21>-0.322418</R21> <R22>0.946598</R22>
						</CoordinateFrame>
						<float name="MaskWeight">0</float>
						<string name="Name">Torso</string>
						<float name="Weight">1</float>
					</Properties>
					<Item class="Pose" referent="RBX162">
						<Properties>
							<CoordinateFrame name="CFrame">
								<X>0.859090</X> <Y>0.000000</Y> <Z>0.144872</Z>
								<R00>-0.966757</R00> <R01>0.089939</R01> <R02>0.239356</R02>
								<R10>0.215125</R10> <R11>-0.219877</R11> <R12>0.951512</R12>
								<R20>0.138207</R20> <R21>0.971373</R21> <R22>0.193220</R22>
							</CoordinateFrame>
							<float name="MaskWeight">0</float>
							<string name="Name">Right Arm</string>
							<float name="Weight">1</float>
						</Properties>
					</Item>
					<Item class="Pose" referent="RBX165">
						<Properties>
							<CoordinateFrame name="CFrame">
								<X>0.000000</X> <Y>0.000000</Y> <Z>0.000000</Z>
								<R00>0.998499</R00> <R01>0.052602</R01> <R02>-0.015276</R02>
								<R10>-0.050074</R10> <R11>0.989620</R11> <R12>0.134700</R12>
								<R20>0.022203</R20> <R21>-0.133733</R21> <R22>0.990769</R22>
							</CoordinateFrame>
							<float name="MaskWeight">0</float>
							<string name="Name">Head</string>
							<float name="Weight">1</float>
						</Properties>
					</Item>
					<Item class="Pose" referent="RBX169">
						<Properties>
							<CoordinateFrame name="CFrame">
								<X>0.000000</X> <Y>-0.000000</Y> <Z>0.283924</Z>
								<R00>0.532968</R00> <R01>0.596152</R01> <R02>-0.600456</R02>
								<R10>-0.593296</R10> <R11>0.769263</R11> <R12>0.237137</R12>
								<R20>0.603279</R20> <R21>0.229862</R21> <R22>0.763687</R22>
							</CoordinateFrame>
							<float name="MaskWeight">0</float>
							<string name="Name">Left Arm</string>
							<float name="Weight">1</float>
						</Properties>
					</Item>
					<Item class="Pose" referent="RBX172">
						<Properties>
							<CoordinateFrame name="CFrame">
								<X>0.064144</X> <Y>-0.097883</Y> <Z>0.000000</Z>
								<R00>0.946060</R00> <R01>-0.323993</R01> <R02>0.000000</R02>
								<R10>0.323993</R10> <R11>0.946060</R11> <R12>0.000000</R12>
								<R20>-0.000000</R20> <R21>-0.000000</R21> <R22>1.000000</R22>
							</CoordinateFrame>
							<float name="MaskWeight">0</float>
							<string name="Name">Left Leg</string>
							<float name="Weight">1</float>
						</Properties>
					</Item>
					<Item class="Pose" referent="RBX175">
						<Properties>
							<CoordinateFrame name="CFrame">
								<X>-0.076591</X> <Y>-0.089394</Y> <Z>-0.000000</Z>
								<R00>0.949229</R00> <R01>0.314586</R01> <R02>-0.000000</R02>
								<R10>-0.314586</R10> <R11>0.949229</R11> <R12>0.000000</R12>
								<R20>-0.000000</R20> <R21>0.000000</R21> <R22>1.000000</R22>
							</CoordinateFrame>
							<float name="MaskWeight">0</float>
							<string name="Name">Right Leg</string>
							<float name="Weight">1</float>
						</Properties>
					</Item>
				</Item>
			</Item>
		</Item>
		<Item class="Keyframe" referent="RBX177">
			<Properties>
				<string name="Name">Keyframe</string>
				<float name="Time">0.272727</float>
			</Properties>
			<Item class="Pose" referent="RBX180">
				<Properties>
					<CoordinateFrame name="CFrame">
						<X>0.000000</X> <Y>-0.000000</Y> <Z>0.000000</Z>
						<R00>1.000000</R00> <R01>0.000000</R01> <R02>0.000000</R02>
						<R10>-0.000000</R10> <R11>1.000000</R11> <R12>-0.000000</R12>
						<R20>0.000000</R20> <R21>0.000000</R21> <R22>1.000000</R22>
					</CoordinateFrame>
					<float name="MaskWeight">0</float>
					<string name="Name">HumanoidRootPart</string>
					<float name="Weight">1</float>
				</Properties>
				<Item class="Pose" referent="RBX181">
					<Properties>
						<CoordinateFrame name="CFrame">
							<X>0.000000</X> <Y>0.555097</Y> <Z>0.083287</Z>
							<R00>1.000000</R00> <R01>0.000000</R01> <R02>0.000000</R02>
							<R10>-0.000000</R10> <R11>0.946423</R11> <R12>0.322931</R12>
							<R20>0.000000</R20> <R21>-0.322931</R21> <R22>0.946423</R22>
						</CoordinateFrame>
						<float name="MaskWeight">0</float>
						<string name="Name">Torso</string>
						<float name="Weight">1</float>
					</Properties>
					<Item class="Pose" referent="RBX184">
						<Properties>
							<CoordinateFrame name="CFrame">
								<X>0.860508</X> <Y>0.000000</Y> <Z>0.145112</Z>
								<R00>-0.966534</R00> <R01>0.095500</R01> <R02>0.238100</R02>
								<R10>0.212888</R10> <R11>-0.219298</R11> <R12>0.952149</R12>
								<R20>0.143145</R20> <R21>0.970973</R21> <R22>0.191628</R22>
							</CoordinateFrame>
							<float name="MaskWeight">0</float>
							<string name="Name">Right Arm</string>
							<float name="Weight">1</float>
						</Properties>
					</Item>
					<Item class="Pose" referent="RBX187">
						<Properties>
							<CoordinateFrame name="CFrame">
								<X>0.000000</X> <Y>-0.000000</Y> <Z>0.000000</Z>
								<R00>0.998177</R00> <R01>0.058546</R01> <R02>-0.014658</R02>
								<R10>-0.052537</R10> <R11>0.962426</R11> <R12>0.266413</R12>
								<R20>0.029705</R20> <R21>-0.265157</R21> <R22>0.963748</R22>
							</CoordinateFrame>
							<float name="MaskWeight">0</float>
							<string name="Name">Head</string>
							<float name="Weight">1</float>
						</Properties>
					</Item>
					<Item class="Pose" referent="RBX191">
						<Properties>
							<CoordinateFrame name="CFrame">
								<X>0.000000</X> <Y>0.000000</Y> <Z>0.284392</Z>
								<R00>0.531513</R00> <R01>0.596664</R01> <R02>-0.601238</R02>
								<R10>-0.594072</R10> <R11>0.768546</R11> <R12>0.237521</R12>
								<R20>0.603799</R20> <R21>0.230933</R21> <R22>0.762953</R22>
							</CoordinateFrame>
							<float name="MaskWeight">0</float>
							<string name="Name">Left Arm</string>
							<float name="Weight">1</float>
						</Properties>
					</Item>
					<Item class="Pose" referent="RBX194">
						<Properties>
							<CoordinateFrame name="CFrame">
								<X>0.081823</X> <Y>-0.113100</Y> <Z>0.000000</Z>
								<R00>0.949111</R00> <R01>-0.314943</R01> <R02>0.000000</R02>
								<R10>0.314943</R10> <R11>0.949111</R11> <R12>0.000000</R12>
								<R20>0.000000</R20> <R21>-0.000000</R21> <R22>1.000000</R22>
							</CoordinateFrame>
							<float name="MaskWeight">0</float>
							<string name="Name">Left Leg</string>
							<float name="Weight">1</float>
						</Properties>
					</Item>
					<Item class="Pose" referent="RBX197">
						<Properties>
							<CoordinateFrame name="CFrame">
								<X>-0.092480</X> <Y>-0.101692</Y> <Z>0.000000</Z>
								<R00>0.950314</R00> <R01>0.311294</R01> <R02>0.000000</R02>
								<R10>-0.311294</R10> <R11>0.950314</R11> <R12>-0.000000</R12>
								<R20>-0.000000</R20> <R21>0.000000</R21> <R22>1.000000</R22>
							</CoordinateFrame>
							<float name="MaskWeight">0</float>
							<string name="Name">Right Leg</string>
							<float name="Weight">1</float>
						</Properties>
					</Item>
				</Item>
			</Item>
		</Item>
		<Item class="Keyframe" referent="RBX199">
			<Properties>
				<string name="Name">Keyframe</string>
				<float name="Time">0.306818</float>
			</Properties>
			<Item class="Pose" referent="RBX202">
				<Properties>
					<CoordinateFrame name="CFrame">
						<X>0.000000</X> <Y>-0.000000</Y> <Z>0.000000</Z>
						<R00>1.000000</R00> <R01>0.000000</R01> <R02>0.000000</R02>
						<R10>-0.000000</R10> <R11>1.000000</R11> <R12>-0.000000</R12>
						<R20>0.000000</R20> <R21>0.000000</R21> <R22>1.000000</R22>
					</CoordinateFrame>
					<float name="MaskWeight">0</float>
					<string name="Name">HumanoidRootPart</string>
					<float name="Weight">1</float>
				</Properties>
				<Item class="Pose" referent="RBX203">
					<Properties>
						<CoordinateFrame name="CFrame">
							<X>0.000000</X> <Y>0.555097</Y> <Z>0.061753</Z>
							<R00>1.000000</R00> <R01>0.000000</R01> <R02>0.000000</R02>
							<R10>-0.000000</R10> <R11>0.947947</R11> <R12>0.318428</R12>
							<R20>0.000000</R20> <R21>-0.318428</R21> <R22>0.947947</R22>
						</CoordinateFrame>
						<float name="MaskWeight">0</float>
						<string name="Name">Torso</string>
						<float name="Weight">1</float>
					</Properties>
					<Item class="Pose" referent="RBX206">
						<Properties>
							<CoordinateFrame name="CFrame">
								<X>0.848067</X> <Y>0.000000</Y> <Z>0.143013</Z>
								<R00>-0.967395</R00> <R01>0.046657</R01> <R02>0.248939</R02>
								<R10>0.232746</R10> <R11>-0.223863</R11> <R12>0.946422</R12>
								<R20>0.099886</R20> <R21>0.973503</R21> <R22>0.205705</R22>
							</CoordinateFrame>
							<float name="MaskWeight">0</float>
							<string name="Name">Right Arm</string>
							<float name="Weight">1</float>
						</Properties>
					</Item>
					<Item class="Pose" referent="RBX209">
						<Properties>
							<CoordinateFrame name="CFrame">
								<X>0.000000</X> <Y>-0.000000</Y> <Z>0.000000</Z>
								<R00>0.998215</R00> <R01>0.058506</R01> <R02>-0.012017</R02>
								<R10>-0.051887</R10> <R11>0.949094</R11> <R12>0.310690</R12>
								<R20>0.029582</R20> <R21>-0.309511</R21> <R22>0.950435</R22>
							</CoordinateFrame>
							<float name="MaskWeight">0</float>
							<string name="Name">Head</string>
							<float name="Weight">1</float>
						</Properties>
					</Item>
					<Item class="Pose" referent="RBX213">
						<Properties>
							<CoordinateFrame name="CFrame">
								<X>0.000000</X> <Y>0.000000</Y> <Z>0.280280</Z>
								<R00>0.544232</R00> <R01>0.592083</R01> <R02>-0.594347</R02>
								<R10>-0.587227</R10> <R11>0.774814</R11> <R12>0.234151</R12>
								<R20>0.599146</R20> <R21>0.221584</R21> <R22>0.769366</R22>
							</CoordinateFrame>
							<float name="MaskWeight">0</float>
							<string name="Name">Left Arm</string>
							<float name="Weight">1</float>
						</Properties>
					</Item>
					<Item class="Pose" referent="RBX216">
						<Properties>
							<CoordinateFrame name="CFrame">
								<X>0.076862</X> <Y>-0.082627</Y> <Z>0.000000</Z>
								<R00>0.950174</R00> <R01>-0.311721</R01> <R02>0.000000</R02>
								<R10>0.311721</R10> <R11>0.950174</R11> <R12>0.000000</R12>
								<R20>0.000000</R20> <R21>0.000000</R21> <R22>1.000000</R22>
							</CoordinateFrame>
							<float name="MaskWeight">0</float>
							<string name="Name">Left Leg</string>
							<float name="Weight">1</float>
						</Properties>
					</Item>
					<Item class="Pose" referent="RBX219">
						<Properties>
							<CoordinateFrame name="CFrame">
								<X>-0.076304</X> <Y>-0.071353</Y> <Z>0.000000</Z>
								<R00>0.950672</R00> <R01>0.310198</R01> <R02>0.000000</R02>
								<R10>-0.310198</R10> <R11>0.950672</R11> <R12>-0.000000</R12>
								<R20>0.000000</R20> <R21>-0.000000</R21> <R22>1.000000</R22>
							</CoordinateFrame>
							<float name="MaskWeight">0</float>
