<roblox xmlns:xmime="http://www.w3.org/2005/05/xmlmime" xmlns:xsi="http://www.w3.org/2001/XMLSchema-instance" xsi:noNamespaceSchemaLocation="http://www.mulrbx.com/roblox.xsd" version="4" assettype="animation">
   <External>null</External>
   <External>nil</External>
   <Item class="KeyframeSequence" referent="RBX0">
		<Properties>
			<bool name="Loop">false</bool>
			<string name="Name">Test</string>
			<token name="Priority">1000</token>
		</Properties>
		<Item class="Keyframe" referent="RBX1">
			<Properties>
				<string name="Name">Keyframe</string>
				<float name="Time">0.000000</float>
			</Properties>
			<Item class="Pose" referent="RBX4">
				<Properties>
					<CoordinateFrame name="CFrame">
						<X>0.000000</X> <Y>-0.000000</Y> <Z>0.000000</Z>
						<R00>1.000000</R00> <R01>0.000000</R01> <R02>0.000000</R02>
						<R10>-0.000000</R10> <R11>1.000000</R11> <R12>-0.000000</R12>
						<R20>0.000000</R20> <R21>0.000000</R21> <R22>1.000000</R22>
					</CoordinateFrame>
					<float name="MaskWeight">0</float>
					<string name="Name">HumanoidRootPart</string>
					<float name="Weight">1</float>
				</Properties>
				<Item class="Pose" referent="RBX5">
					<Properties>
						<CoordinateFrame name="CFrame">
							<X>0.261814</X> <Y>0.000000</Y> <Z>-0.120522</Z>
							<R00>1.000000</R00> <R01>0.000000</R01> <R02>0.000000</R02>
							<R10>-0.000000</R10> <R11>1.000000</R11> <R12>-0.000000</R12>
							<R20>0.000000</R20> <R21>0.000000</R21> <R22>1.000000</R22>
						</CoordinateFrame>
						<float name="MaskWeight">0</float>
						<string name="Name">Torso</string>
						<float name="Weight">1</float>
					</Properties>
					<Item class="Pose" referent="RBX8">
						<Properties>
							<CoordinateFrame name="CFrame">
								<X>-0.000000</X> <Y>0.827867</Y> <Z>0.000000</Z>
								<R00>-0.997387</R00> <R01>-0.045455</R01> <R02>-0.056147</R02>
								<R10>0.031949</R10> <R11>-0.974635</R11> <R12>0.221509</R12>
								<R20>-0.064791</R20> <R21>0.219136</R21> <R22>0.973541</R22>
							</CoordinateFrame>
							<float name="MaskWeight">0</float>
							<string name="Name">Right Arm</string>
							<float name="Weight">1</float>
						</Properties>
					</Item>
					<Item class="Pose" referent="RBX11">
						<Properties>
							<CoordinateFrame name="CFrame">
								<X>0.000000</X> <Y>0.000000</Y> <Z>0.000000</Z>
								<R00>0.997709</R00> <R01>0.063699</R01> <R02>0.022787</R02>
								<R10>-0.066230</R10> <R11>0.988360</R11> <R12>0.136962</R12>
								<R20>-0.013797</R20> <R21>-0.138157</R21> <R22>0.990314</R22>
							</CoordinateFrame>
							<float name="MaskWeight">0</float>
							<string name="Name">Head</string>
							<float name="Weight">1</float>
						</Properties>
					</Item>
					<Item class="Pose" referent="RBX15">
						<Properties>
							<CoordinateFrame name="CFrame">
								<X>-0.422482</X> <Y>-0.167604</Y> <Z>-0.102307</Z>
								<R00>-0.262980</R00> <R01>0.393822</R01> <R02>-0.880764</R02>
								<R10>-0.952921</R10> <R11>-0.248844</R11> <R12>0.173258</R12>
								<R20>-0.150941</R20> <R21>0.884862</R21> <R22>0.440722</R22>
							</CoordinateFrame>
							<float name="MaskWeight">0</float>
							<string name="Name">Left Arm</string>
							<float name="Weight">1</float>
						</Properties>
					</Item>
					<Item class="Pose" referent="RBX18">
						<Properties>
							<CoordinateFrame name="CFrame">
								<X>-0.000000</X> <Y>0.000000</Y> <Z>0.000000</Z>
								<R00>1.000000</R00> <R01>0.000000</R01> <R02>0.000000</R02>
								<R10>0.000000</R10> <R11>1.000000</R11> <R12>0.000000</R12>
								<R20>0.000000</R20> <R21>0.000000</R21> <R22>1.000000</R22>
							</CoordinateFrame>
							<float name="MaskWeight">0</float>
							<string name="Name">Left Leg</string>
							<float name="Weight">1</float>
						</Properties>
					</Item>
					<Item class="Pose" referent="RBX21">
						<Properties>
							<CoordinateFrame name="CFrame">
								<X>-0.000000</X> <Y>0.546381</Y> <Z>0.158248</Z>
								<R00>0.693012</R00> <R01>-0.106774</R01> <R02>-0.712976</R02>
								<R10>0.132130</R10> <R11>0.991031</R11> <R12>-0.019985</R12>
								<R20>0.708715</R20> <R21>-0.080356</R21> <R22>0.700904</R22>
							</CoordinateFrame>
							<float name="MaskWeight">0</float>
							<string name="Name">Right Leg</string>
							<float name="Weight">1</float>
						</Properties>
					</Item>
				</Item>
			</Item>
		</Item>
		<Item class="Keyframe" referent="RBX23">
			<Properties>
				<string name="Name">Keyframe</string>
				<float name="Time">0.034091</float>
			</Properties>
			<Item class="Pose" referent="RBX26">
				<Properties>
					<CoordinateFrame name="CFrame">
						<X>0.000000</X> <Y>-0.000000</Y> <Z>0.000000</Z>
						<R00>1.000000</R00> <R01>0.000000</R01> <R02>0.000000</R02>
						<R10>-0.000000</R10> <R11>1.000000</R11> <R12>-0.000000</R12>
						<R20>0.000000</R20> <R21>0.000000</R21> <R22>1.000000</R22>
					</CoordinateFrame>
					<float name="MaskWeight">0</float>
					<string name="Name">HumanoidRootPart</string>
					<float name="Weight">1</float>
				</Properties>
				<Item class="Pose" referent="RBX27">
					<Properties>
						<CoordinateFrame name="CFrame">
							<X>0.257657</X> <Y>0.000000</Y> <Z>-0.205459</Z>
							<R00>1.000000</R00> <R01>0.000000</R01> <R02>0.000000</R02>
							<R10>-0.000000</R10> <R11>1.000000</R11> <R12>-0.000000</R12>
							<R20>0.000000</R20> <R21>0.000000</R21> <R22>1.000000</R22>
						</CoordinateFrame>
						<float name="MaskWeight">0</float>
						<string name="Name">Torso</string>
						<float name="Weight">1</float>
					</Properties>
					<Item class="Pose" referent="RBX30">
						<Properties>
							<CoordinateFrame name="CFrame">
								<X>-0.080606</X> <Y>0.827866</Y> <Z>-0.000023</Z>
								<R00>-0.989188</R00> <R01>0.143446</R01> <R02>-0.030501</R02>
								<R10>-0.146547</R10> <R11>-0.974764</R11> <R12>0.168400</R12>
								<R20>-0.005575</R20> <R21>0.171049</R21> <R22>0.985247</R22>
							</CoordinateFrame>
							<float name="MaskWeight">0</float>
							<string name="Name">Right Arm</string>
							<float name="Weight">1</float>
						</Properties>
					</Item>
					<Item class="Pose" referent="RBX33">
						<Properties>
							<CoordinateFrame name="CFrame">
								<X>0.000000</X> <Y>0.000000</Y> <Z>0.000000</Z>
								<R00>0.997733</R00> <R01>0.067235</R01> <R02>0.002728</R02>
								<R10>-0.066973</R10> <R11>0.988278</R11> <R12>0.137190</R12>
								<R20>0.006528</R20> <R21>-0.137062</R21> <R22>0.990541</R22>
							</CoordinateFrame>
							<float name="MaskWeight">0</float>
							<string name="Name">Head</string>
							<float name="Weight">1</float>
						</Properties>
					</Item>
					<Item class="Pose" referent="RBX37">
						<Properties>
							<CoordinateFrame name="CFrame">
								<X>-0.422482</X> <Y>-0.167604</Y> <Z>-0.101462</Z>
								<R00>-0.257083</R00> <R01>0.397696</R01> <R02>-0.880764</R02>
								<R10>-0.956523</R10> <R11>-0.234618</R11> <R12>0.173258</R12>
								<R20>-0.137740</R20> <R21>0.887013</R21> <R22>0.440722</R22>
							</CoordinateFrame>
							<float name="MaskWeight">0</float>
							<string name="Name">Left Arm</string>
							<float name="Weight">1</float>
						</Properties>
					</Item>
					<Item class="Pose" referent="RBX40">
						<Properties>
							<CoordinateFrame name="CFrame">
								<X>0.000000</X> <Y>0.053438</Y> <Z>0.000000</Z>
								<R00>1.000000</R00> <R01>-0.000000</R01> <R02>0.000000</R02>
								<R10>0.000000</R10> <R11>0.999891</R11> <R12>0.014737</R12>
								<R20>0.000000</R20> <R21>-0.014737</R21> <R22>0.999891</R22>
							</CoordinateFrame>
							<float name="MaskWeight">0</float>
							<string name="Name">Left Leg</string>
							<float name="Weight">1</float>
						</Properties>
					</Item>
					<Item class="Pose" referent="RBX43">
						<Properties>
							<CoordinateFrame name="CFrame">
								<X>-0.000000</X> <Y>0.486872</Y> <Z>0.183044</Z>
								<R00>0.703452</R00> <R01>-0.096969</R01> <R02>-0.704097</R02>
								<R10>0.125504</R10> <R11>0.992030</R11> <R12>-0.011234</R12>
								<R20>0.699574</R20> <R21>-0.080465</R21> <R22>0.710015</R22>
							</CoordinateFrame>
							<float name="MaskWeight">0</float>
							<string name="Name">Right Leg</string>
							<float name="Weight">1</float>
						</Properties>
					</Item>
				</Item>
			</Item>
		</Item>
		<Item class="Keyframe" referent="RBX45">
			<Properties>
				<string name="Name">Keyframe</string>
				<float name="Time">0.068182</float>
			</Properties>
			<Item class="Pose" referent="RBX48">
				<Properties>
					<CoordinateFrame name="CFrame">
						<X>0.000000</X> <Y>-0.000000</Y> <Z>0.000000</Z>
						<R00>1.000000</R00> <R01>0.000000</R01> <R02>0.000000</R02>
						<R10>-0.000000</R10> <R11>1.000000</R11> <R12>-0.000000</R12>
						<R20>0.000000</R20> <R21>0.000000</R21> <R22>1.000000</R22>
					</CoordinateFrame>
					<float name="MaskWeight">0</float>
					<string name="Name">HumanoidRootPart</string>
					<float name="Weight">1</float>
				</Properties>
				<Item class="Pose" referent="RBX49">
					<Properties>
						<CoordinateFrame name="CFrame">
							<X>0.246564</X> <Y>0.000000</Y> <Z>-0.274316</Z>
							<R00>1.000000</R00> <R01>0.000000</R01> <R02>0.000000</R02>
							<R10>-0.000000</R10> <R11>1.000000</R11> <R12>-0.000000</R12>
							<R20>0.000000</R20> <R21>0.000000</R21> <R22>1.000000</R22>
						</CoordinateFrame>
						<float name="MaskWeight">0</float>
						<string name="Name">Torso</string>
						<float name="Weight">1</float>
					</Properties>
					<Item class="Pose" referent="RBX52">
						<Properties>
							<CoordinateFrame name="CFrame">
								<X>-0.159018</X> <Y>0.827866</Y> <Z>-0.000092</Z>
								<R00>-0.945717</R00> <R01>0.323529</R01> <R02>0.030800</R02>
								<R10>-0.320557</R10> <R11>-0.944216</R11> <R12>0.075493</R12>
								<R20>0.053507</R20> <R21>0.061522</R21> <R22>0.996671</R22>
							</CoordinateFrame>
							<float name="MaskWeight">0</float>
							<string name="Name">Right Arm</string>
							<float name="Weight">1</float>
						</Properties>
					</Item>
					<Item class="Pose" referent="RBX55">
						<Properties>
							<CoordinateFrame name="CFrame">
								<X>0.000000</X> <Y>0.000000</Y> <Z>0.000000</Z>
								<R00>0.997253</R00> <R01>0.071952</R01> <R02>-0.017619</R02>
								<R10>-0.068853</R10> <R11>0.988060</R11> <R12>0.137832</R12>
								<R20>0.027326</R20> <R21>-0.136240</R21> <R22>0.990299</R22>
							</CoordinateFrame>
							<float name="MaskWeight">0</float>
							<string name="Name">Head</string>
							<float name="Weight">1</float>
						</Properties>
					</Item>
					<Item class="Pose" referent="RBX59">
						<Properties>
							<CoordinateFrame name="CFrame">
								<X>-0.422482</X> <Y>-0.167604</Y> <Z>-0.100748</Z>
								<R00>-0.244532</R00> <R01>0.405534</R01> <R02>-0.880764</R02>
								<R10>-0.963386</R10> <R11>-0.204618</R11> <R12>0.173258</R12>
								<R20>-0.109958</R20> <R21>0.890883</R21> <R22>0.440722</R22>
							</CoordinateFrame>
							<float name="MaskWeight">0</float>
							<string name="Name">Left Arm</string>
							<float name="Weight">1</float>
						</Properties>
					</Item>
					<Item class="Pose" referent="RBX62">
						<Properties>
							<CoordinateFrame name="CFrame">
								<X>0.000000</X> <Y>0.131311</Y> <Z>0.000000</Z>
								<R00>1.000000</R00> <R01>0.000000</R01> <R02>0.000000</R02>
								<R10>0.000000</R10> <R11>0.998939</R11> <R12>0.046050</R12>
								<R20>0.000000</R20> <R21>-0.046050</R21> <R22>0.998939</R22>
							</CoordinateFrame>
							<float name="MaskWeight">0</float>
							<string name="Name">Left Leg</string>
							<float name="Weight">1</float>
						</Properties>
					</Item>
					<Item class="Pose" referent="RBX65">
						<Properties>
							<CoordinateFrame name="CFrame">
								<X>-0.000000</X> <Y>0.346984</Y> <Z>0.207310</Z>
								<R00>0.729688</R00> <R01>-0.072321</R01> <R02>-0.679945</R02>
								<R10>0.108565</R10> <R11>0.994031</R11> <R12>0.010779</R12>
								<R20>0.675107</R20> <R21>-0.081684</R21> <R22>0.733184</R22>
							</CoordinateFrame>
							<float name="MaskWeight">0</float>
							<string name="Name">Right Leg</string>
							<float name="Weight">1</float>
						</Properties>
					</Item>
				</Item>
			</Item>
		</Item>
		<Item class="Keyframe" referent="RBX67">
			<Properties>
				<string name="Name">Keyframe</string>
				<float name="Time">0.102273</float>
			</Properties>
			<Item class="Pose" referent="RBX70">
				<Properties>
					<CoordinateFrame name="CFrame">
						<X>0.000000</X> <Y>-0.000000</Y> <Z>0.000000</Z>
						<R00>1.000000</R00> <R01>0.000000</R01> <R02>0.000000</R02>
						<R10>-0.000000</R10> <R11>1.000000</R11> <R12>-0.000000</R12>
						<R20>0.000000</R20> <R21>0.000000</R21> <R22>1.000000</R22>
					</CoordinateFrame>
					<float name="MaskWeight">0</float>
					<string name="Name">HumanoidRootPart</string>
					<float name="Weight">1</float>
				</Properties>
				<Item class="Pose" referent="RBX71">
					<Properties>
						<CoordinateFrame name="CFrame">
							<X>0.230180</X> <Y>0.000000</Y> <Z>-0.328676</Z>
							<R00>1.000000</R00> <R01>0.000000</R01> <R02>0.000000</R02>
							<R10>-0.000000</R10> <R11>1.000000</R11> <R12>-0.000000</R12>
							<R20>0.000000</R20> <R21>0.000000</R21> <R22>1.000000</R22>
						</CoordinateFrame>
						<float name="MaskWeight">0</float>
						<string name="Name">Torso</string>
						<float name="Weight">1</float>
					</Properties>
					<Item class="Pose" referent="RBX74">
						<Properties>
							<CoordinateFrame name="CFrame">
								<X>-0.217560</X> <Y>0.827866</Y> <Z>-0.000215</Z>
								<R00>-0.893226</R00> <R01>0.440392</R01> <R02>0.090564</R02>
								<R10>-0.444513</R10> <R11>-0.895241</R11> <R12>-0.030852</R12>
								<R20>0.067490</R20> <R21>-0.067815</R21> <R22>0.995413</R22>
							</CoordinateFrame>
							<float name="MaskWeight">0</float>
							<string name="Name">Right Arm</string>
							<float name="Weight">1</float>
						</Properties>
					</Item>
					<Item class="Pose" referent="RBX77">
						<Properties>
							<CoordinateFrame name="CFrame">
								<X>0.000000</X> <Y>0.000000</Y> <Z>0.000000</Z>
								<R00>0.996274</R00> <R01>0.077434</R01> <R02>-0.037981</R02>
								<R10>-0.071477</R10> <R11>0.987733</R11> <R12>0.138837</R12>
								<R20>0.048265</R20> <R21>-0.135604</R21> <R22>0.989587</R22>
							</CoordinateFrame>
							<float name="MaskWeight">0</float>
							<string name="Name">Head</string>
							<float name="Weight">1</float>
						</Properties>
					</Item>
					<Item class="Pose" referent="RBX81">
						<Properties>
							<CoordinateFrame name="CFrame">
								<X>-0.422482</X> <Y>-0.167604</Y> <Z>-0.100149</Z>
								<R00>-0.228485</R00> <R01>0.414787</R01> <R02>-0.880764</R02>
								<R10>-0.970652</R10> <R11>-0.166786</R11> <R12>0.173258</R12>
								<R20>-0.075034</R20> <R21>0.894502</R21> <R22>0.440722</R22>
							</CoordinateFrame>
							<float name="MaskWeight">0</float>
							<string name="Name">Left Arm</string>
							<float name="Weight">1</float>
						</Properties>
					</Item>
					<Item class="Pose" referent="RBX84">
						<Properties>
							<CoordinateFrame name="CFrame">
								<X>0.000000</X> <Y>0.215365</Y> <Z>0.000000</Z>
								<R00>1.000000</R00> <R01>0.000000</R01> <R02>0.000000</R02>
								<R10>0.000000</R10> <R11>0.996408</R11> <R12>0.084684</R12>
								<R20>0.000000</R20> <R21>-0.084684</R21> <R22>0.996408</R22>
							</CoordinateFrame>
							<float name="MaskWeight">0</float>
							<string name="Name">Left Leg</string>
							<float name="Weight">1</float>
						</Properties>
					</Item>
					<Item class="Pose" referent="RBX87">
						<Properties>
							<CoordinateFrame name="CFrame">
								<X>-0.000000</X> <Y>0.206889</Y> <Z>0.221093</Z>
								<R00>0.764799</R00> <R01>-0.038993</R01> <R02>-0.643088</R02>
								<R10>0.084990</R10> <R11>0.995550</R11> <R12>0.040711</R12>
								<R20>0.638639</R20> <R21>-0.085792</R21> <R22>0.764709</R22>
							</CoordinateFrame>
							<float name="MaskWeight">0</float>
							<string name="Name">Right Leg</string>
							<float name="Weight">1</float>
						</Properties>
					</Item>
				</Item>
			</Item>
		</Item>
		<Item class="Keyframe" referent="RBX89">
			<Properties>
				<string name="Name">Keyframe</string>
				<float name="Time">0.136364</float>
			</Properties>
			<Item class="Pose" referent="RBX92">
				<Properties>
					<CoordinateFrame name="CFrame">
						<X>0.000000</X> <Y>-0.000000</Y> <Z>0.000000</Z>
						<R00>1.000000</R00> <R01>0.000000</R01> <R02>0.000000</R02>
						<R10>-0.000000</R10> <R11>1.000000</R11> <R12>-0.000000</R12>
						<R20>0.000000</R20> <R21>0.000000</R21> <R22>1.000000</R22>
					</CoordinateFrame>
					<float name="MaskWeight">0</float>
					<string name="Name">HumanoidRootPart</string>
					<float name="Weight">1</float>
				</Properties>
				<Item class="Pose" referent="RBX93">
					<Properties>
						<CoordinateFrame name="CFrame">
							<X>0.209777</X> <Y>-0.000000</Y> <Z>-0.366513</Z>
							<R00>1.000000</R00> <R01>0.000000</R01> <R02>0.000000</R02>
							<R10>-0.000000</R10> <R11>1.000000</R11> <R12>-0.000000</R12>
							<R20>0.000000</R20> <R21>0.000000</R21> <R22>1.000000</R22>
						</CoordinateFrame>
						<float name="MaskWeight">0</float>
						<string name="Name">Torso</string>
						<float name="Weight">1</float>
					</Properties>
					<Item class="Pose" referent="RBX96">
						<Properties>
							<CoordinateFrame name="CFrame">
								<X>-0.240546</X> <Y>0.827866</Y> <Z>-0.000393</Z>
								<R00>-0.872936</R00> <R01>0.474822</R01> <R02>0.111924</R02>
								<R10>-0.487031</R10> <R11>-0.861415</R11> <R12>-0.144098</R12>
								<R20>0.027992</R20> <R21>-0.180298</R21> <R22>0.983214</R22>
							</CoordinateFrame>
							<float name="MaskWeight">0</float>
							<string name="Name">Right Arm</string>
							<float name="Weight">1</float>
						</Properties>
					</Item>
					<Item class="Pose" referent="RBX99">
						<Properties>
							<CoordinateFrame name="CFrame">
								<X>0.000000</X> <Y>0.000000</Y> <Z>-0.000000</Z>
								<R00>0.994834</R00> <R01>0.083246</R01> <R02>-0.058100</R02>
								<R10>-0.074432</R10> <R11>0.987328</R11> <R12>0.140152</R12>
								<R20>0.069031</R20> <R21>-0.135104</R21> <R22>0.988424</R22>
							</CoordinateFrame>
							<float name="MaskWeight">0</float>
							<string name="Name">Head</string>
							<float name="Weight">1</float>
						</Properties>
					</Item>
					<Item class="Pose" referent="RBX103">
						<Properties>
							<CoordinateFrame name="CFrame">
								<X>-0.422482</X> <Y>-0.167604</Y> <Z>-0.099667</Z>
								<R00>-0.210083</R00> <R01>0.424405</R01> <R02>-0.880764</R02>
								<R10>-0.977030</R10> <R11>-0.124075</R11> <R12>0.173258</R12>
								<R20>-0.035750</R20> <R21>0.896932</R21> <R22>0.440722</R22>
							</CoordinateFrame>
							<float name="MaskWeight">0</float>
							<string name="Name">Left Arm</string>
							<float name="Weight">1</float>
						</Properties>
					</Item>
					<Item class="Pose" referent="RBX106">
						<Properties>
							<CoordinateFrame name="CFrame">
								<X>0.000000</X> <Y>0.293275</Y> <Z>0.000000</Z>
								<R00>1.000000</R00> <R01>0.000000</R01> <R02>0.000000</R02>
								<R10>0.000000</R10> <R11>0.992418</R11> <R12>0.122908</R12>
								<R20>0.000000</R20> <R21>-0.122908</R21> <R22>0.992418</R22>
							</CoordinateFrame>
							<float name="MaskWeight">0</float>
							<string name="Name">Left Leg</string>
							<float name="Weight">1</float>
						</Properties>
					</Item>
					<Item class="Pose" referent="RBX109">
						<Properties>
							<CoordinateFrame name="CFrame">
								<X>-0.000000</X> <Y>0.146990</Y> <Z>0.198051</Z>
								<R00>0.803186</R00> <R01>-0.002504</R01> <R02>-0.595724</R02>
								<R10>0.057977</R10> <R11>0.995573</R11> <R12>0.073983</R12>
								<R20>0.592901</R20> <R21>-0.093960</R21> <R22>0.799775</R22>
							</CoordinateFrame>
							<float name="MaskWeight">0</float>
							<string name="Name">Right Leg</string>
							<float name="Weight">1</float>
						</Properties>
					</Item>
				</Item>
			</Item>
		</Item>
		<Item class="Keyframe" referent="RBX111">
			<Properties>
				<string name="Name">Keyframe</string>
				<float name="Time">0.170455</float>
			</Properties>
			<Item class="Pose" referent="RBX114">
				<Properties>
					<CoordinateFrame name="CFrame">
						<X>0.000000</X> <Y>-0.000000</Y> <Z>0.000000</Z>
						<R00>1.000000</R00> <R01>0.000000</R01> <R02>0.000000</R02>
						<R10>-0.000000</R10> <R11>1.000000</R11> <R12>-0.000000</R12>
						<R20>0.000000</R20> <R21>0.000000</R21> <R22>1.000000</R22>
					</CoordinateFrame>
					<float name="MaskWeight">0</float>
					<string name="Name">HumanoidRootPart</string>
					<float name="Weight">1</float>
				</Properties>
				<Item class="Pose" referent="RBX115">
					<Properties>
						<CoordinateFrame name="CFrame">
							<X>0.186424</X> <Y>-0.000000</Y> <Z>-0.383156</Z>
							<R00>1.000000</R00> <R01>0.000000</R01> <R02>0.000000</R02>
							<R10>-0.000000</R10> <R11>1.000000</R11> <R12>-0.000000</R12>
							<R20>0.000000</R20> <R21>0.000000</R21> <R22>1.000000</R22>
						</CoordinateFrame>
						<float name="MaskWeight">0</float>
						<string name="Name">Torso</string>
						<float name="Weight">1</float>
					</Properties>
					<Item class="Pose" referent="RBX118">
						<Properties>
							<CoordinateFrame name="CFrame">
								<X>-0.209904</X> <Y>0.827866</Y> <Z>-0.000630</Z>
								<R00>-0.905160</R00> <R01>0.416449</R01> <R02>0.085181</R02>
								<R10>-0.423685</R10> <R11>-0.867739</R11> <R12>-0.259846</R12>
								<R20>-0.034298</R20> <R21>-0.271292</R21> <R22>0.961886</R22>
							</CoordinateFrame>
							<float name="MaskWeight">0</float>
							<string name="Name">Right Arm</string>
							<float name="Weight">1</float>
						</Properties>
					</Item>
					<Item class="Pose" referent="RBX121">
						<Properties>
							<CoordinateFrame name="CFrame">
								<X>-0.000000</X> <Y>0.000000</Y> <Z>-0.000000</Z>
								<R00>0.992999</R00> <R01>0.088953</R01> <R02>-0.077724</R02>
								<R10>-0.077312</R10> <R11>0.986882</R11> <R12>0.141727</R12>
								<R20>0.089312</R20> <R21>-0.134726</R21> <R22>0.986850</R22>
							</CoordinateFrame>
							<float name="MaskWeight">0</float>
							<string name="Name">Head</string>
							<float name="Weight">1</float>
						</Properties>
					</Item>
					<Item class="Pose" referent="RBX125">
						<Properties>
							<CoordinateFrame name="CFrame">
								<X>-0.422482</X> <Y>-0.167604</Y> <Z>-0.099317</Z>
								<R00>-0.189949</R00> <R01>0.433789</R01> <R02>-0.880764</R02>
								<R10>-0.981773</R10> <R11>-0.078121</R11> <R12>0.173258</R12>
								<R20>0.006351</R20> <R21>0.897621</R21> <R22>0.440722</R22>
							</CoordinateFrame>
							<float name="MaskWeight">0</float>
							<string name="Name">Left Arm</string>
							<float name="Weight">1</float>
						</Properties>
					</Item>
					<Item class="Pose" referent="RBX128">
						<Properties>
							<CoordinateFrame name="CFrame">
								<X>0.000000</X> <Y>0.354057</Y> <Z>0.000000</Z>
								<R00>1.000000</R00> <R01>0.000000</R01> <R02>0.000000</R02>
								<R10>0.000000</R10> <R11>0.988129</R11> <R12>0.153626</R12>
								<R20>0.000000</R20> <R21>-0.153626</R21> <R22>0.988129</R22>
							</CoordinateFrame>
							<float name="MaskWeight">0</float>
							<string name="Name">Left Leg</string>
							<float name="Weight">1</float>
						</Properties>
					</Item>
					<Item class="Pose" referent="RBX131">
						<Properties>
							<CoordinateFrame name="CFrame">
								<X>-0.000000</X> <Y>0.237280</Y> <Z>0.107750</Z>
								<R00>0.840732</R00> <R01>0.031870</R01> <R02>-0.540513</R02>
								<R10>0.030620</R10> <R11>0.993870</R11> <R12>0.106229</R12>
								<R20>0.540586</R20> <R21>-0.105861</R21> <R22>0.834602</R22>
							</CoordinateFrame>
							<float name="MaskWeight">0</float>
							<string name="Name">Right Leg</string>
							<float name="Weight">1</float>
						</Properties>
					</Item>
				</Item>
			</Item>
		</Item>
		<Item class="Keyframe" referent="RBX133">
			<Properties>
				<string name="Name">Keyframe</string>
				<float name="Time">0.204545</float>
			</Properties>
			<Item class="Pose" referent="RBX136">
				<Properties>
					<CoordinateFrame name="CFrame">
						<X>0.000000</X> <Y>-0.000000</Y> <Z>0.000000</Z>
						<R00>1.000000</R00> <R01>0.000000</R01> <R02>0.000000</R02>
						<R10>-0.000000</R10> <R11>1.000000</R11> <R12>-0.000000</R12>
						<R20>0.000000</R20> <R21>0.000000</R21> <R22>1.000000</R22>
					</CoordinateFrame>
					<float name="MaskWeight">0</float>
					<string name="Name">HumanoidRootPart</string>
					<float name="Weight">1</float>
				</Properties>
				<Item class="Pose" referent="RBX137">
					<Properties>
						<CoordinateFrame name="CFrame">
							<X>0.161108</X> <Y>-0.000000</Y> <Z>-0.369157</Z>
							<R00>1.000000</R00> <R01>0.000000</R01> <R02>0.000000</R02>
							<R10>-0.000000</R10> <R11>1.000000</R11> <R12>-0.000000</R12>
							<R20>0.000000</R20> <R21>0.000000</R21> <R22>1.000000</R22>
						</CoordinateFrame>
						<float name="MaskWeight">0</float>
						<string name="Name">Torso</string>
						<float name="Weight">1</float>
					</Properties>
					<Item class="Pose" referent="RBX140">
						<Properties>
							<CoordinateFrame name="CFrame">
								<X>-0.162396</X> <Y>0.827867</Y> <Z>-0.000923</Z>
								<R00>-0.940971</R00> <R01>0.336372</R01> <R02>0.037784</R02>
								<R10>-0.325427</R10> <R11>-0.868302</R11> <R12>-0.374365</R12>
								<R20>-0.093117</R20> <R21>-0.364562</R21> <R22>0.926511</R22>
							</CoordinateFrame>
							<float name="MaskWeight">0</float>
							<string name="Name">Right Arm</string>
							<float name="Weight">1</float>
						</Properties>
					</Item>
					<Item class="Pose" referent="RBX143">
						<Properties>
							<CoordinateFrame name="CFrame">
								<X>0.000000</X> <Y>0.000000</Y> <Z>0.000000</Z>
								<R00>0.990869</R00> <R01>0.094074</R01> <R02>-0.096590</R02>
								<R10>-0.079665</R10> <R11>0.986438</R11> <R12>0.143503</R12>
								<R20>0.108780</R20> <R21>-0.134498</R21> <R22>0.984925</R22>
							</CoordinateFrame>
							<float name="MaskWeight">0</float>
							<string name="Name">Head</string>
							<float name="Weight">1</float>
						</Properties>
					</Item>
					<Item class="Pose" referent="RBX147">
						<Properties>
							<CoordinateFrame name="CFrame">
								<X>-0.422482</X> <Y>-0.167604</Y> <Z>-0.099124</Z>
								<R00>-0.168526</R00> <R01>0.442553</R01> <R02>-0.880764</R02>
								<R10>-0.984418</R10> <R11>-0.030055</R11> <R12>0.173258</R12>
								<R20>0.050204</R20> <R21>0.896239</R21> <R22>0.440722</R22>
							</CoordinateFrame>
							<float name="MaskWeight">0</float>
							<string name="Name">Left Arm</string>
							<float name="Weight">1</float>
						</Properties>
					</Item>
					<Item class="Pose" referent="RBX150">
						<Properties>
							<CoordinateFrame name="CFrame">
								<X>0.000000</X> <Y>0.387615</Y> <Z>-0.000000</Z>
								<R00>1.000000</R00> <R01>0.000000</R01> <R02>0.000000</R02>
								<R10>0.000000</R10> <R11>0.985154</R11> <R12>0.171676</R12>
								<R20>0.000000</R20> <R21>-0.171676</R21> <R22>0.985154</R22>
							</CoordinateFrame>
							<float name="MaskWeight">0</float>
							<string name="Name">Left Leg</string>
							<float name="Weight">1</float>
						</Properties>
					</Item>
					<Item class="Pose" referent="RBX153">
						<Properties>
							<CoordinateFrame name="CFrame">
								<X>-0.000000</X> <Y>0.337967</Y> <Z>0.010188</Z>
								<R00>0.874753</R00> <R01>0.059020</R01> <R02>-0.480961</R02>
								<R10>0.006159</R10> <R11>0.991120</R11> <R12>0.132825</R12>
								<R20>0.484530</R20> <R21>-0.119152</R21> <R22>0.866622</R22>
							</CoordinateFrame>
							<float name="MaskWeight">0</float>
							<string name="Name">Right Leg</string>
							<float name="Weight">1</float>
						</Properties>
					</Item>
				</Item>
			</Item>
		</Item>
		<Item class="Keyframe" referent="RBX155">
			<Properties>
				<string name="Name">Keyframe</string>
				<float name="Time">0.238636</float>
			</Properties>
			<Item class="Pose" referent="RBX158">
				<Properties>
					<CoordinateFrame name="CFrame">
						<X>0.000000</X> <Y>-0.000000</Y> <Z>0.000000</Z>
						<R00>1.000000</R00> <R01>0.000000</R01> <R02>0.000000</R02>
						<R10>-0.000000</R10> <R11>1.000000</R11> <R12>-0.000000</R12>
						<R20>0.000000</R20> <R21>0.000000</R21> <R22>1.000000</R22>
					</CoordinateFrame>
					<float name="MaskWeight">0</float>
					<string name="Name">HumanoidRootPart</string>
					<float name="Weight">1</float>
				</Properties>
				<Item class="Pose" referent="RBX159">
					<Properties>
						<CoordinateFrame name="CFrame">
							<X>0.131711</X> <Y>0.000000</Y> <Z>-0.286327</Z>
							<R00>0.999998</R00> <R01>0.000000</R01> <R02>-0.002047</R02>
							<R10>0.000000</R10> <R11>1.000000</R11> <R12>0.000000</R12>
							<R20>0.002047</R20> <R21>0.000000</R21> <R22>0.999998</R22>
						</CoordinateFrame>
						<float name="MaskWeight">0</float>
						<string name="Name">Torso</string>
						<float name="Weight">1</float>
					</Properties>
					<Item class="Pose" referent="RBX162">
						<Properties>
							<CoordinateFrame name="CFrame">
								<X>-0.107614</X> <Y>0.827867</Y> <Z>-0.001263</Z>
								<R00>-0.970519</R00> <R01>0.240893</R01> <R02>0.007938</R02>
								<R10>-0.214493</R10> <R11>-0.848202</R11> <R12>-0.484300</R12>
								<R20>-0.109931</R20> <R21>-0.471725</R21> <R22>0.874866</R22>
							</CoordinateFrame>
							<float name="MaskWeight">0</float>
							<string name="Name">Right Arm</string>
							<float name="Weight">1</float>
						</Properties>
					</Item>
					<Item class="Pose" referent="RBX165">
						<Properties>
							<CoordinateFrame name="CFrame">
								<X>0.000000</X> <Y>0.000000</Y> <Z>0.000000</Z>
								<R00>0.988576</R00> <R01>0.098122</R01> <R02>-0.114411</R02>
								<R10>-0.081040</R10> <R11>0.986044</R11> <R12>0.145427</R12>
								<R20>0.127084</R20> <R21>-0.134494</R21> <R22>0.982731</R22>
							</CoordinateFrame>
							<float name="MaskWeight">0</float>
							<string name="Name">Head</string>
							<float name="Weight">1</float>
						</Properties>
					</Item>
					<Item class="Pose" referent="RBX169">
						<Properties>
							<CoordinateFrame name="CFrame">
								<X>-0.422482</X> <Y>-0.167604</Y> <Z>-0.099053</Z>
								<R00>-0.146199</R00> <R01>0.450422</R01> <R02>-0.880764</R02>
								<R10>-0.984690</R10> <R11>0.019179</R11> <R12>0.173258</R12>
								<R20>0.094931</R20> <R21>0.892610</R21> <R22>0.440722</R22>
							</CoordinateFrame>
							<float name="MaskWeight">0</float>
							<string name="Name">Left Arm</string>
							<float name="Weight">1</float>
						</Properties>
					</Item>
					<Item class="Pose" referent="RBX172">
						<Properties>
							<CoordinateFrame name="CFrame">
								<X>0.000000</X> <Y>0.357085</Y> <Z>0.012672</Z>
								<R00>0.999784</R00> <R01>-0.013259</R01> <R02>0.015992</R02>
								<R10>0.010550</R10> <R11>0.987231</R11> <R12>0.158943</R12>
								<R20>-0.017895</R20> <R21>-0.158740</R21> <R22>0.987158</R22>
							</CoordinateFrame>
							<float name="MaskWeight">0</float>
							<string name="Name">Left Leg</string>
							<float name="Weight">1</float>
						</Properties>
					</Item>
					<Item class="Pose" referent="RBX175">
						<Properties>
							<CoordinateFrame name="CFrame">
								<X>-0.000000</X> <Y>0.318632</Y> <Z>0.002389</Z>
								<R00>0.908572</R00> <R01>0.076381</R01> <R02>-0.410685</R02>
								<R10>-0.014862</R10> <R11>0.988429</R11> <R12>0.150953</R12>
								<R20>0.417464</R20> <R21>-0.131048</R21> <R22>0.899194</R22>
							</CoordinateFrame>
							<float name="MaskWeight">0</float>
							<string name="Name">Right Leg</string>
							<float name="Weight">1</float>
						</Properties>
					</Item>
				</Item>
			</Item>
		</Item>
		<Item class="Keyframe" referent="RBX177">
			<Properties>
				<string name="Name">Keyframe</string>
				<float name="Time">0.272727</float>
			</Properties>
			<Item class="Pose" referent="RBX180">
				<Properties>
					<CoordinateFrame name="CFrame">
						<X>0.000000</X> <Y>-0.000000</Y> <Z>0.000000</Z>
						<R00>1.000000</R00> <R01>0.000000</R01> <R02>0.000000</R02>
						<R10>-0.000000</R10> <R11>1.000000</R11> <R12>-0.000000</R12>
						<R20>0.000000</R20> <R21>0.000000</R21> <R22>1.000000</R22>
					</CoordinateFrame>
					<float name="MaskWeight">0</float>
					<string name="Name">HumanoidRootPart</string>
					<float name="Weight">1</float>
				</Properties>
				<Item class="Pose" referent="RBX181">
					<Properties>
						<CoordinateFrame name="CFrame">
							<X>0.092846</X> <Y>0.000000</Y> <Z>-0.102462</Z>
							<R00>0.999956</R00> <R01>0.000000</R01> <R02>-0.009402</R02>
							<R10>0.000000</R10> <R11>1.000000</R11> <R12>-0.000000</R12>
							<R20>0.009402</R20> <R21>0.000000</R21> <R22>0.999956</R22>
						</CoordinateFrame>
						<float name="MaskWeight">0</float>
						<string name="Name">Torso</string>
						<float name="Weight">1</float>
					</Properties>
					<Item class="Pose" referent="RBX184">
						<Properties>
							<CoordinateFrame name="CFrame">
								<X>-0.048894</X> <Y>0.827866</Y> <Z>-0.001636</Z>
								<R00>-0.993248</R00> <R01>0.114298</R01> <R02>0.019880</R02>
								<R10>-0.105016</R10> <R11>-0.812972</R11> <R12>-0.572756</R12>
								<R20>-0.049303</R20> <R21>-0.570976</R21> <R22>0.819485</R22>
							</CoordinateFrame>
							<float name="MaskWeight">0</float>
							<string name="Name">Right Arm</string>
							<float name="Weight">1</float>
						</Properties>
					</Item>
					<Item class="Pose" referent="RBX187">
						<Properties>
							<CoordinateFrame name="CFrame">
								<X>0.000000</X> <Y>0.000000</Y> <Z>0.000000</Z>
								<R00>0.986276</R00> <R01>0.100667</R01> <R02>-0.130863</R02>
								<R10>-0.081049</R10> <R11>0.985744</R11> <R12>0.147446</R12>
								<R20>0.143840</R20> <R21>-0.134816</R21> <R22>0.980375</R22>
							</CoordinateFrame>
							<float name="MaskWeight">0</float>
							<string name="Name">Head</string>
							<float name="Weight">1</float>
						</Properties>
					</Item>
					<Item class="Pose" referent="RBX191">
						<Properties>
							<CoordinateFrame name="CFrame">
								<X>-0.422482</X> <Y>-0.167604</Y> <Z>-0.099678</Z>
								<R00>-0.123384</R00> <R01>0.457199</R01> <R02>-0.880764</R02>
								<R10>-0.982483</R10> <R11>0.068628</R11> <R12>0.173258</R12>
								<R20>0.139659</R20> <R21>0.886713</R21> <R22>0.440722</R22>
							</CoordinateFrame>
							<float name="MaskWeight">0</float>
							<string name="Name">Left Arm</string>
							<float name="Weight">1</float>
						</Properties>
					</Item>
					<Item class="Pose" referent="RBX194">
						<Properties>
							<CoordinateFrame name="CFrame">
								<X>0.000000</X> <Y>0.265614</Y> <Z>0.060619</Z>
								<R00>0.994740</R00> <R01>-0.063138</R01> <R02>0.080654</R02>
								<R10>0.053030</R10> <R11>0.991132</R11> <R12>0.121838</R12>
								<R20>-0.087632</R20> <R21>-0.116920</R21> <R22>0.989268</R22>
							</CoordinateFrame>
							<float name="MaskWeight">0</float>
							<string name="Name">Left Leg</string>
							<float name="Weight">1</float>
						</Properties>
					</Item>
					<Item class="Pose" referent="RBX197">
						<Properties>
							<CoordinateFrame name="CFrame">
								<X>-0.000000</X> <Y>0.253934</Y> <Z>0.011957</Z>
								<R00>0.946462</R00> <R01>0.088218</R01> <R02>-0.310528</R02>
								<R10>-0.037696</R10> <R11>0.985557</R11> <R12>0.165094</R12>
								<R20>0.320608</R20> <R21>-0.144550</R21> <R22>0.936118</R22>
							</CoordinateFrame>
							<float name="MaskWeight">0</float>
							<string name="Name">Right Leg</string>
							<float name="Weight">1</float>
						</Properties>
					</Item>
				</Item>
			</Item>
		</Item>
		<Item class="Keyframe" referent="RBX199">
			<Properties>
				<string name="Name">Keyframe</string>
				<float name="Time">0.306818</float>
			</Properties>
			<Item class="Pose" referent="RBX202">
				<Properties>
					<CoordinateFrame name="CFrame">
						<X>0.000000</X> <Y>-0.000000</Y> <Z>0.000000</Z>
						<R00>1.000000</R00> <R01>0.000000</R01> <R02>0.000000</R02>
						<R10>-0.000000</R10> <R11>1.000000</R11> <R12>-0.000000</R12>
						<R20>0.000000</R20> <R21>0.000000</R21> <R22>1.000000</R22>
					</CoordinateFrame>
					<float name="MaskWeight">0</float>
					<string name="Name">HumanoidRootPart</string>
					<float name="Weight">1</float>
				</Properties>
				<Item class="Pose" referent="RBX203">
					<Properties>
						<CoordinateFrame name="CFrame">
							<X>0.050205</X> <Y>0.000000</Y> <Z>0.123084</Z>
							<R00>0.999806</R00> <R01>0.000000</R01> <R02>-0.019689</R02>
							<R10>0.000000</R10> <R11>1.000000</R11> <R12>0.000000</R12>
							<R20>0.019689</R20> <R21>0.000000</R21> <R22>0.999806</R22>
						</CoordinateFrame>
						<float name="MaskWeight">0</float>
						<string name="Name">Torso</string>
						<float name="Weight">1</float>
					</Properties>
					<Item class="Pose" referent="RBX206">
						<Properties>
							<CoordinateFrame name="CFrame">
								<X>0.011981</X> <Y>0.827866</Y> <Z>-0.002022</Z>
								<R00>-0.996183</R00> <R01>-0.051927</R01> <R02>0.070171</R02>
								<R10>-0.003579</R10> <R11>-0.778867</R11> <R12>-0.627178</R12>
								<R20>0.087221</R20> <R21>-0.625035</R21> <R22>0.775708</R22>
							</CoordinateFrame>
							<float name="MaskWeight">0</float>
							<string name="Name">Right Arm</string>
							<float name="Weight">1</float>
						</Properties>
					</Item>
					<Item class="Pose" referent="RBX209">
						<Properties>
							<CoordinateFrame name="CFrame">
								<X>0.000000</X> <Y>0.000000</Y> <Z>0.000000</Z>
								<R00>0.984161</R00> <R01>0.101207</R01> <R02>-0.145551</R02>
								<R10>-0.079242</R10> <R11>0.985580</R11> <R12>0.149509</R12>
								<R20>0.158583</R20> <R21>-0.135607</R21> <R22>0.977989</R22>
							</CoordinateFrame>
							<float name="MaskWeight">0</float>
							<string name="Name">Head</string>
							<float name="Weight">1</float>
						</Properties>
					</Item>
					<Item class="Pose" referent="RBX213">
						<Properties>
							<CoordinateFrame name="CFrame">
								<X>-0.422482</X> <Y>-0.167604</Y> <Z>-0.101303</Z>
								<R00>-0.100642</R00> <R01>0.462737</R01> <R02>-0.880764</R02>
								<R10>-0.977891</R10> <R11>0.117091</R11> <R12>0.173258</R12>
								<R20>0.183302</R20> <R21>0.878729</R21> <R22>0.440722</R22>
							</CoordinateFrame>
							<float name="MaskWeight">0</float>
							<string name="Name">Left Arm</string>
							<float name="Weight">1</float>
						</Properties>
					</Item>
					<Item class="Pose" referent="RBX216">
						<Properties>
							<CoordinateFrame name="CFrame">
								<X>0.000000</X> <Y>0.138700</Y> <Z>0.131662</Z>
								<R00>0.975609</R00> <R01>-0.122002</R01> <R02>0.182489</R02>
								<R10>0.110996</R10> <R11>0.991395</R11> <R12>0.069390</R12>
								<R20>-0.189384</R20> <R21>-0.047442</R21> <R22>0.980756</R22>
							</CoordinateFrame>
							<float name="MaskWeight">0</float>
							<string name="Name">Left Leg</string>
							<float name="Weight">1</float>
						</Properties>
					</Item>
					<Item class="Pose" referent="RBX219">
						<Properties>
							<CoordinateFrame name="CFrame">
								<X>-0.000000</X> <Y>0.171492</Y> <Z>0.024966</Z>
								<R00>0.975122</R00> <R01>0.094750</R01> <R02>-0.200399</R02>
								<R10>-0.059396</R10> <R11>0.982669</R11> <R12>0.175596</R12>
								<R20>0.213564</R20> <R21>-0.159325</R21> <R22>0.963850</R22>
							</CoordinateFrame>
