<roblox xmlns:xmime="http://www.w3.org/2005/05/xmlmime" xmlns:xsi="http://www.w3.org/2001/XMLSchema-instance" xsi:noNamespaceSchemaLocation="http://www.mulrbx.com/roblox.xsd" version="4" assettype="animation">
   <External>null</External>
   <External>nil</External>
   <Item class="KeyframeSequence" referent="RBX0">
		<Properties>
			<bool name="Loop">true</bool>
			<string name="Name">Test</string>
			<token name="Priority">0</token>
		</Properties>
		<Item class="Keyframe" referent="RBX1">
			<Properties>
				<string name="Name">Keyframe</string>
				<float name="Time">0.000000</float>
			</Properties>
			<Item class="Pose" referent="RBX3">
				<Properties>
					<CoordinateFrame name="CFrame">
						<X>0.000000</X> <Y>0.000000</Y> <Z>0.000000</Z>
						<R00>1.000000</R00> <R01>0.000000</R01> <R02>0.000000</R02>
						<R10>0.000000</R10> <R11>1.000000</R11> <R12>0.000000</R12>
						<R20>0.000000</R20> <R21>0.000000</R21> <R22>1.000000</R22>
					</CoordinateFrame>
					<float name="MaskWeight">0</float>
					<string name="Name">UpperTorso</string>
					<float name="Weight">1</float>
				</Properties>
				<Item class="Pose" referent="RBX4">
					<Properties>
						<CoordinateFrame name="CFrame">
							<X>0.000013</X> <Y>-0.000024</Y> <Z>0.000000</Z>
							<R00>0.912506</R00> <R01>-0.251970</R01> <R02>-0.322249</R02>
							<R10>-0.251970</R10> <R11>0.274364</R11> <R12>-0.928028</R12>
							<R20>0.322249</R20> <R21>0.928027</R21> <R22>0.186870</R22>
						</CoordinateFrame>
						<float name="MaskWeight">0</float>
						<string name="Name">RightUpperArm</string>
						<float name="Weight">1</float>
					</Properties>
					<Item class="Pose" referent="RBX5">
						<Properties>
							<CoordinateFrame name="CFrame">
								<X>-0.000020</X> <Y>0.000018</Y> <Z>0.000000</Z>
								<R00>1.000000</R00> <R01>0.000000</R01> <R02>0.000000</R02>
								<R10>0.000000</R10> <R11>0.975140</R11> <R12>-0.221588</R12>
								<R20>0.000000</R20> <R21>0.221588</R21> <R22>0.975140</R22>
							</CoordinateFrame>
							<float name="MaskWeight">0</float>
							<string name="Name">RightLowerArm</string>
							<float name="Weight">1</float>
						</Properties>
						<Item class="Pose" referent="RBX6">
							<Properties>
								<CoordinateFrame name="CFrame">
									<X>0.000000</X> <Y>0.000000</Y> <Z>0.000000</Z>
									<R00>1.000000</R00> <R01>0.000000</R01> <R02>0.000000</R02>
									<R10>0.000000</R10> <R11>1.000000</R11> <R12>0.000000</R12>
									<R20>0.000000</R20> <R21>0.000000</R21> <R22>1.000000</R22>
								</CoordinateFrame>
								<float name="MaskWeight">0</float>
								<string name="Name">RightHand</string>
								<float name="Weight">1</float>
							</Properties>
						</Item>
					</Item>
				</Item>
			</Item>
		</Item>
		<Item class="Keyframe" referent="RBX7">
			<Properties>
				<string name="Name">End</string>
				<float name="Time">0.041667</float>
			</Properties>
			<Item class="Pose" referent="RBX9">
				<Properties>
					<CoordinateFrame name="CFrame">
						<X>0.000000</X> <Y>0.000000</Y> <Z>0.000000</Z>
						<R00>1.000000</R00> <R01>0.000000</R01> <R02>0.000000</R02>
						<R10>0.000000</R10> <R11>1.000000</R11> <R12>0.000000</R12>
						<R20>0.000000</R20> <R21>0.000000</R21> <R22>1.000000</R22>
					</CoordinateFrame>
					<float name="MaskWeight">0</float>
					<string name="Name">UpperTorso</string>
					<float name="Weight">1</float>
				</Properties>
				<Item class="Pose" referent="RBX10">
					<Properties>
						<CoordinateFrame name="CFrame">
							<X>0.000013</X> <Y>-0.000024</Y> <Z>0.000000</Z>
							<R00>0.912506</R00> <R01>-0.251970</R01> <R02>-0.322249</R02>
							<R10>-0.251970</R10> <R11>0.274364</R11> <R12>-0.928028</R12>
							<R20>0.322249</R20> <R21>0.928027</R21> <R22>0.186870</R22>
						</CoordinateFrame>
						<float name="MaskWeight">0</float>
						<string name="Name">RightUpperArm</string>
						<float name="Weight">1</float>
					</Properties>
					<Item class="Pose" referent="RBX11">
						<Properties>
							<CoordinateFrame name="CFrame">
								<X>-0.000020</X> <Y>0.000018</Y> <Z>0.000000</Z>
								<R00>1.000000</R00> <R01>0.000000</R01> <R02>0.000000</R02>
								<R10>0.000000</R10> <R11>0.975140</R11> <R12>-0.221588</R12>
								<R20>0.000000</R20> <R21>0.221588</R21> <R22>0.975140</R22>
							</CoordinateFrame>
							<float name="MaskWeight">0</float>
							<string name="Name">RightLowerArm</string>
							<float name="Weight">1</float>
						</Properties>
						<Item class="Pose" referent="RBX12">
							<Properties>
								<CoordinateFrame name="CFrame">
									<X>0.000000</X> <Y>0.000000</Y> <Z>0.000000</Z>
									<R00>1.000000</R00> <R01>0.000000</R01> <R02>0.000000</R02>
									<R10>0.000000</R10> <R11>1.000000</R11> <R12>0.000000</R12>
									<R20>0.000000</R20> <R21>0.000000</R21> <R22>1.000000</R22>
								</CoordinateFrame>
								<float name="MaskWeight">0</float>
								<string name="Name">RightHand</string>
								<float name="Weight">1</float>
							</Properties>
						</Item>
					</Item>
				</Item>
			</Item>
		</Item>
   </Item>
</roblox>
