<roblox xmlns:xmime="http://www.w3.org/2005/05/xmlmime" xmlns:xsi="http://www.w3.org/2001/XMLSchema-instance" xsi:noNamespaceSchemaLocation="http://www.mulrbx.com/roblox.xsd" version="4" assettype="animation">
   <External>null</External>
   <External>nil</External>
   <Item class="KeyframeSequence" referent="RBX0">
		<Properties>
			<bool name="Loop">true</bool>
			<string name="Name">Test</string>
			<token name="Priority">1000</token>
		</Properties>
		<Item class="Keyframe" referent="RBX1">
			<Properties>
				<string name="Name">Keyframe</string>
				<float name="Time">0.000000</float>
			</Properties>
			<Item class="Pose" referent="RBX4">
				<Properties>
					<CoordinateFrame name="CFrame">
						<X>0.000000</X> <Y>0.000000</Y> <Z>0.000000</Z>
						<R00>1.000000</R00> <R01>0.000000</R01> <R02>0.000000</R02>
						<R10>0.000000</R10> <R11>1.000000</R11> <R12>0.000000</R12>
						<R20>0.000000</R20> <R21>0.000000</R21> <R22>1.000000</R22>
					</CoordinateFrame>
					<float name="MaskWeight">0</float>
					<string name="Name">HumanoidRootPart</string>
					<float name="Weight">1</float>
				</Properties>
				<Item class="Pose" referent="RBX5">
					<Properties>
						<CoordinateFrame name="CFrame">
							<X>-0.069068</X> <Y>-0.185000</Y> <Z>0.066980</Z>
							<R00>0.996001</R00> <R01>0.049365</R01> <R02>-0.074467</R02>
							<R10>-0.048896</R10> <R11>0.998771</R11> <R12>0.008102</R12>
							<R20>0.074776</R20> <R21>-0.004428</R21> <R22>0.997191</R22>
						</CoordinateFrame>
						<float name="MaskWeight">0</float>
						<string name="Name">LowerTorso</string>
						<float name="Weight">1</float>
					</Properties>
					<Item class="Pose" referent="RBX6">
						<Properties>
							<CoordinateFrame name="CFrame">
								<X>0.000000</X> <Y>0.000000</Y> <Z>0.000000</Z>
								<R00>0.994931</R00> <R01>-0.082123</R01> <R02>0.058030</R02>
								<R10>0.081396</R10> <R11>0.996572</R11> <R12>0.014781</R12>
								<R20>-0.059045</R20> <R21>-0.009983</R21> <R22>0.998205</R22>
							</CoordinateFrame>
							<float name="MaskWeight">0</float>
							<string name="Name">UpperTorso</string>
							<float name="Weight">1</float>
						</Properties>
						<Item class="Pose" referent="RBX7">
							<Properties>
								<CoordinateFrame name="CFrame">
									<X>0.000000</X> <Y>-0.000000</Y> <Z>0.042861</Z>
									<R00>0.999134</R00> <R01>0.040232</R01> <R02>0.010651</R02>
									<R10>-0.040007</R10> <R11>0.998988</R11> <R12>-0.020547</R12>
									<R20>-0.011467</R20> <R21>0.020104</R21> <R22>0.999732</R22>
								</CoordinateFrame>
								<float name="MaskWeight">0</float>
								<string name="Name">Head</string>
								<float name="Weight">1</float>
							</Properties>
						</Item>
						<Item class="Pose" referent="RBX8">
							<Properties>
								<CoordinateFrame name="CFrame">
									<X>-0.000145</X> <Y>0.000084</Y> <Z>0.000365</Z>
									<R00>0.976800</R00> <R01>0.208832</R01> <R02>-0.047442</R02>
									<R10>-0.207476</R10> <R11>0.977718</R11> <R12>0.031953</R12>
									<R20>0.053058</R20> <R21>-0.021369</R21> <R22>0.998363</R22>
								</CoordinateFrame>
								<float name="MaskWeight">0</float>
								<string name="Name">LeftUpperArm</string>
								<float name="Weight">1</float>
							</Properties>
							<Item class="Pose" referent="RBX9">
								<Properties>
									<CoordinateFrame name="CFrame">
										<X>-0.000370</X> <Y>-0.000127</Y> <Z>0.000000</Z>
										<R00>0.999898</R00> <R01>-0.000949</R01> <R02>-0.014227</R02>
										<R10>-0.001895</R10> <R11>0.980083</R11> <R12>-0.198578</R12>
										<R20>0.014132</R20> <R21>0.198584</R21> <R22>0.979982</R22>
									</CoordinateFrame>
									<float name="MaskWeight">0</float>
									<string name="Name">LeftLowerArm</string>
									<float name="Weight">1</float>
								</Properties>
								<Item class="Pose" referent="RBX10">
									<Properties>
										<CoordinateFrame name="CFrame">
											<X>0.000000</X> <Y>0.000206</Y> <Z>0.000000</Z>
											<R00>1.000000</R00> <R01>0.000000</R01> <R02>-0.000000</R02>
											<R10>-0.000000</R10> <R11>1.000000</R11> <R12>0.000000</R12>
											<R20>-0.000000</R20> <R21>0.000000</R21> <R22>1.000000</R22>
										</CoordinateFrame>
										<float name="MaskWeight">0</float>
										<string name="Name">LeftHand</string>
										<float name="Weight">1</float>
									</Properties>
								</Item>
							</Item>
						</Item>
						<Item class="Pose" referent="RBX11">
							<Properties>
								<CoordinateFrame name="CFrame">
									<X>0.000013</X> <Y>-0.000024</Y> <Z>0.000000</Z>
									<R00>0.994127</R00> <R01>-0.107360</R01> <R02>0.013617</R02>
									<R10>0.101856</R10> <R11>0.970745</R11> <R12>0.217440</R12>
									<R20>-0.036563</R20> <R21>-0.214776</R21> <R22>0.975979</R22>
								</CoordinateFrame>
								<float name="MaskWeight">0</float>
								<string name="Name">RightUpperArm</string>
								<float name="Weight">1</float>
							</Properties>
							<Item class="Pose" referent="RBX12">
								<Properties>
									<CoordinateFrame name="CFrame">
										<X>-0.000020</X> <Y>0.000018</Y> <Z>0.000000</Z>
										<R00>0.999542</R00> <R01>-0.006387</R01> <R02>-0.029586</R02>
										<R10>-0.003906</R10> <R11>0.942081</R11> <R12>-0.335363</R12>
										<R20>0.030014</R20> <R21>0.335325</R21> <R22>0.941625</R22>
									</CoordinateFrame>
									<float name="MaskWeight">0</float>
									<string name="Name">RightLowerArm</string>
									<float name="Weight">1</float>
								</Properties>
								<Item class="Pose" referent="RBX13">
									<Properties>
										<CoordinateFrame name="CFrame">
											<X>-0.000000</X> <Y>-0.000000</Y> <Z>-0.000000</Z>
											<R00>1.000000</R00> <R01>-0.000000</R01> <R02>0.000000</R02>
											<R10>-0.000000</R10> <R11>1.000000</R11> <R12>-0.000000</R12>
											<R20>0.000000</R20> <R21>-0.000000</R21> <R22>1.000000</R22>
										</CoordinateFrame>
										<float name="MaskWeight">0</float>
										<string name="Name">RightHand</string>
										<float name="Weight">1</float>
									</Properties>
								</Item>
							</Item>
						</Item>
					</Item>
					<Item class="Pose" referent="RBX14">
						<Properties>
							<CoordinateFrame name="CFrame">
								<X>-0.000200</X> <Y>0.000098</Y> <Z>-0.015000</Z>
								<R00>0.998470</R00> <R01>0.021909</R01> <R02>0.050771</R02>
								<R10>-0.004671</R10> <R11>0.948296</R11> <R12>-0.317354</R12>
								<R20>-0.055098</R20> <R21>0.316631</R21> <R22>0.946947</R22>
							</CoordinateFrame>
							<float name="MaskWeight">0</float>
							<string name="Name">LeftUpperLeg</string>
							<float name="Weight">1</float>
						</Properties>
						<Item class="Pose" referent="RBX15">
							<Properties>
								<CoordinateFrame name="CFrame">
									<X>-0.000000</X> <Y>-0.000400</Y> <Z>0.000178</Z>
									<R00>1.000000</R00> <R01>0.000007</R01> <R02>0.000008</R02>
									<R10>-0.000010</R10> <R11>0.694313</R11> <R12>0.719673</R12>
									<R20>-0.000000</R20> <R21>-0.719673</R21> <R22>0.694313</R22>
								</CoordinateFrame>
								<float name="MaskWeight">0</float>
								<string name="Name">LeftLowerLeg</string>
								<float name="Weight">1</float>
							</Properties>
							<Item class="Pose" referent="RBX16">
								<Properties>
									<CoordinateFrame name="CFrame">
										<X>-0.000001</X> <Y>0.000000</Y> <Z>0.075814</Z>
										<R00>0.998540</R00> <R01>-0.053936</R01> <R02>-0.002867</R02>
										<R10>0.046355</R10> <R11>0.883018</R11> <R12>-0.467045</R12>
										<R20>0.027722</R20> <R21>0.466230</R21> <R22>0.884229</R22>
									</CoordinateFrame>
									<float name="MaskWeight">0</float>
									<string name="Name">LeftFoot</string>
									<float name="Weight">1</float>
								</Properties>
							</Item>
						</Item>
					</Item>
					<Item class="Pose" referent="RBX17">
						<Properties>
							<CoordinateFrame name="CFrame">
								<X>0.000200</X> <Y>0.000293</Y> <Z>-0.015000</Z>
								<R00>0.986583</R00> <R01>-0.075590</R01> <R02>0.144705</R02>
								<R10>0.153377</R10> <R11>0.732831</R11> <R12>-0.662898</R12>
								<R20>-0.055935</R20> <R21>0.676199</R21> <R22>0.734593</R22>
							</CoordinateFrame>
							<float name="MaskWeight">0</float>
							<string name="Name">RightUpperLeg</string>
							<float name="Weight">1</float>
						</Properties>
						<Item class="Pose" referent="RBX18">
							<Properties>
								<CoordinateFrame name="CFrame">
									<X>-0.000000</X> <Y>0.000000</Y> <Z>0.000000</Z>
									<R00>1.000000</R00> <R01>0.000000</R01> <R02>0.000000</R02>
									<R10>0.000000</R10> <R11>0.581992</R11> <R12>0.813195</R12>
									<R20>0.000000</R20> <R21>-0.813195</R21> <R22>0.581992</R22>
								</CoordinateFrame>
								<float name="MaskWeight">0</float>
								<string name="Name">RightLowerLeg</string>
								<float name="Weight">1</float>
							</Properties>
							<Item class="Pose" referent="RBX19">
								<Properties>
									<CoordinateFrame name="CFrame">
										<X>0.000000</X> <Y>-0.000006</Y> <Z>0.075000</Z>
										<R00>0.994177</R00> <R01>0.104518</R01> <R02>0.026252</R02>
										<R10>-0.096215</R10> <R11>0.970608</R11> <R12>-0.220597</R12>
										<R20>-0.048536</R20> <R21>0.216787</R21> <R22>0.975012</R22>
									</CoordinateFrame>
									<float name="MaskWeight">0</float>
									<string name="Name">RightFoot</string>
									<float name="Weight">1</float>
								</Properties>
							</Item>
						</Item>
					</Item>
				</Item>
			</Item>
		</Item>
		<Item class="Keyframe" referent="RBX20">
			<Properties>
				<string name="Name">Keyframe</string>
				<float name="Time">0.041667</float>
			</Properties>
			<Item class="Pose" referent="RBX23">
				<Properties>
					<CoordinateFrame name="CFrame">
						<X>0.000000</X> <Y>0.000000</Y> <Z>0.000000</Z>
						<R00>1.000000</R00> <R01>0.000000</R01> <R02>0.000000</R02>
						<R10>0.000000</R10> <R11>1.000000</R11> <R12>0.000000</R12>
						<R20>0.000000</R20> <R21>0.000000</R21> <R22>1.000000</R22>
					</CoordinateFrame>
					<float name="MaskWeight">0</float>
					<string name="Name">HumanoidRootPart</string>
					<float name="Weight">1</float>
				</Properties>
				<Item class="Pose" referent="RBX24">
					<Properties>
						<CoordinateFrame name="CFrame">
							<X>-0.062744</X> <Y>-0.184596</Y> <Z>0.066980</Z>
							<R00>0.996001</R00> <R01>0.049423</R01> <R02>-0.074429</R02>
							<R10>-0.048896</R10> <R11>0.998764</R11> <R12>0.008887</R12>
							<R20>0.074776</R20> <R21>-0.005212</R21> <R22>0.997187</R22>
						</CoordinateFrame>
						<float name="MaskWeight">0</float>
						<string name="Name">LowerTorso</string>
						<float name="Weight">1</float>
					</Properties>
					<Item class="Pose" referent="RBX25">
						<Properties>
							<CoordinateFrame name="CFrame">
								<X>0.000000</X> <Y>0.000000</Y> <Z>0.000000</Z>
								<R00>0.996072</R00> <R01>-0.082333</R01> <R02>0.032582</R02>
								<R10>0.081957</R10> <R11>0.996555</R11> <R12>0.012714</R12>
								<R20>-0.033517</R20> <R21>-0.009993</R21> <R22>0.999388</R22>
							</CoordinateFrame>
							<float name="MaskWeight">0</float>
							<string name="Name">UpperTorso</string>
							<float name="Weight">1</float>
						</Properties>
						<Item class="Pose" referent="RBX26">
							<Properties>
								<CoordinateFrame name="CFrame">
									<X>-0.000000</X> <Y>0.000000</Y> <Z>0.042861</Z>
									<R00>0.996303</R00> <R01>0.035844</R01> <R02>-0.078070</R02>
									<R10>-0.037208</R10> <R11>0.999178</R11> <R12>-0.016078</R12>
									<R20>0.077429</R20> <R21>0.018924</R21> <R22>0.996818</R22>
								</CoordinateFrame>
								<float name="MaskWeight">0</float>
								<string name="Name">Head</string>
								<float name="Weight">1</float>
							</Properties>
						</Item>
						<Item class="Pose" referent="RBX27">
							<Properties>
								<CoordinateFrame name="CFrame">
									<X>-0.000144</X> <Y>0.000084</Y> <Z>0.000365</Z>
									<R00>0.976387</R00> <R01>0.211112</R01> <R02>-0.045818</R02>
									<R10>-0.209711</R10> <R11>0.977188</R11> <R12>0.033544</R12>
									<R20>0.051855</R20> <R21>-0.023143</R21> <R22>0.998386</R22>
								</CoordinateFrame>
								<float name="MaskWeight">0</float>
								<string name="Name">LeftUpperArm</string>
								<float name="Weight">1</float>
							</Properties>
							<Item class="Pose" referent="RBX28">
								<Properties>
									<CoordinateFrame name="CFrame">
										<X>-0.000370</X> <Y>-0.000127</Y> <Z>-0.000000</Z>
										<R00>0.999896</R00> <R01>-0.001124</R01> <R02>-0.014394</R02>
										<R10>-0.001952</R10> <R11>0.977281</R11> <R12>-0.211939</R12>
										<R20>0.014305</R20> <R21>0.211945</R21> <R22>0.977177</R22>
									</CoordinateFrame>
									<float name="MaskWeight">0</float>
									<string name="Name">LeftLowerArm</string>
									<float name="Weight">1</float>
								</Properties>
								<Item class="Pose" referent="RBX29">
									<Properties>
										<CoordinateFrame name="CFrame">
											<X>0.000000</X> <Y>0.000206</Y> <Z>-0.000000</Z>
											<R00>1.000000</R00> <R01>0.000000</R01> <R02>0.000000</R02>
											<R10>0.000000</R10> <R11>1.000000</R11> <R12>0.000000</R12>
											<R20>0.000000</R20> <R21>0.000000</R21> <R22>1.000000</R22>
										</CoordinateFrame>
										<float name="MaskWeight">0</float>
										<string name="Name">LeftHand</string>
										<float name="Weight">1</float>
									</Properties>
								</Item>
							</Item>
						</Item>
						<Item class="Pose" referent="RBX30">
							<Properties>
								<CoordinateFrame name="CFrame">
									<X>0.000013</X> <Y>-0.000024</Y> <Z>-0.000000</Z>
									<R00>0.993732</R00> <R01>-0.109826</R01> <R02>0.020841</R02>
									<R10>0.101385</R10> <R11>0.964002</R11> <R12>0.245808</R12>
									<R20>-0.047087</R20> <R21>-0.242155</R21> <R22>0.969094</R22>
								</CoordinateFrame>
								<float name="MaskWeight">0</float>
								<string name="Name">RightUpperArm</string>
								<float name="Weight">1</float>
							</Properties>
							<Item class="Pose" referent="RBX31">
								<Properties>
									<CoordinateFrame name="CFrame">
										<X>-0.000020</X> <Y>0.000018</Y> <Z>0.000000</Z>
										<R00>0.999544</R00> <R01>-0.006441</R01> <R02>-0.029491</R02>
										<R10>-0.003974</R10> <R11>0.940381</R11> <R12>-0.340099</R12>
										<R20>0.029923</R20> <R21>0.340061</R21> <R22>0.939927</R22>
									</CoordinateFrame>
									<float name="MaskWeight">0</float>
									<string name="Name">RightLowerArm</string>
									<float name="Weight">1</float>
								</Properties>
								<Item class="Pose" referent="RBX32">
									<Properties>
										<CoordinateFrame name="CFrame">
											<X>0.000000</X> <Y>-0.000000</Y> <Z>0.000000</Z>
											<R00>1.000000</R00> <R01>0.000000</R01> <R02>0.000000</R02>
											<R10>0.000000</R10> <R11>1.000000</R11> <R12>-0.000000</R12>
											<R20>0.000000</R20> <R21>0.000000</R21> <R22>1.000000</R22>
										</CoordinateFrame>
										<float name="MaskWeight">0</float>
										<string name="Name">RightHand</string>
										<float name="Weight">1</float>
									</Properties>
								</Item>
							</Item>
						</Item>
					</Item>
					<Item class="Pose" referent="RBX33">
						<Properties>
							<CoordinateFrame name="CFrame">
								<X>-0.000200</X> <Y>0.000098</Y> <Z>-0.015000</Z>
								<R00>0.998431</R00> <R01>0.025771</R01> <R02>0.049718</R02>
								<R10>-0.008682</R10> <R11>0.948319</R11> <R12>-0.317201</R12>
								<R20>-0.055323</R20> <R21>0.316272</R21> <R22>0.947054</R22>
							</CoordinateFrame>
							<float name="MaskWeight">0</float>
							<string name="Name">LeftUpperLeg</string>
							<float name="Weight">1</float>
						</Properties>
						<Item class="Pose" referent="RBX34">
							<Properties>
								<CoordinateFrame name="CFrame">
									<X>-0.000000</X> <Y>-0.000400</Y> <Z>0.000178</Z>
									<R00>1.000000</R00> <R01>0.000007</R01> <R02>0.000008</R02>
									<R10>-0.000010</R10> <R11>0.695698</R11> <R12>0.718334</R12>
									<R20>-0.000000</R20> <R21>-0.718334</R21> <R22>0.695698</R22>
								</CoordinateFrame>
								<float name="MaskWeight">0</float>
								<string name="Name">LeftLowerLeg</string>
								<float name="Weight">1</float>
							</Properties>
							<Item class="Pose" referent="RBX35">
								<Properties>
									<CoordinateFrame name="CFrame">
										<X>-0.000001</X> <Y>-0.000000</Y> <Z>0.075814</Z>
										<R00>0.998313</R00> <R01>-0.057985</R01> <R02>-0.003064</R02>
										<R10>0.049873</R10> <R11>0.883282</R11> <R12>-0.466181</R12>
										<R20>0.029738</R20> <R21>0.465242</R21> <R22>0.884684</R22>
									</CoordinateFrame>
									<float name="MaskWeight">0</float>
									<string name="Name">LeftFoot</string>
									<float name="Weight">1</float>
								</Properties>
							</Item>
						</Item>
					</Item>
					<Item class="Pose" referent="RBX36">
						<Properties>
							<CoordinateFrame name="CFrame">
								<X>0.000200</X> <Y>0.000293</Y> <Z>-0.015000</Z>
								<R00>0.987132</R00> <R01>-0.071912</R01> <R02>0.142823</R02>
								<R10>0.149452</R10> <R11>0.732542</R11> <R12>-0.664113</R12>
								<R20>-0.056866</R20> <R21>0.676913</R21> <R22>0.733863</R22>
							</CoordinateFrame>
							<float name="MaskWeight">0</float>
							<string name="Name">RightUpperLeg</string>
							<float name="Weight">1</float>
						</Properties>
						<Item class="Pose" referent="RBX37">
							<Properties>
								<CoordinateFrame name="CFrame">
									<X>0.000000</X> <Y>-0.000000</Y> <Z>0.000000</Z>
									<R00>1.000000</R00> <R01>0.000000</R01> <R02>0.000000</R02>
									<R10>0.000000</R10> <R11>0.581547</R11> <R12>0.813513</R12>
									<R20>0.000000</R20> <R21>-0.813513</R21> <R22>0.581547</R22>
								</CoordinateFrame>
								<float name="MaskWeight">0</float>
								<string name="Name">RightLowerLeg</string>
								<float name="Weight">1</float>
							</Properties>
							<Item class="Pose" referent="RBX38">
								<Properties>
									<CoordinateFrame name="CFrame">
										<X>0.000000</X> <Y>-0.000006</Y> <Z>0.075000</Z>
										<R00>0.994614</R00> <R01>0.100518</R01> <R02>0.025267</R02>
										<R10>-0.092525</R10> <R11>0.970971</R11> <R12>-0.220578</R12>
										<R20>-0.046705</R20> <R21>0.217052</R21> <R22>0.975042</R22>
									</CoordinateFrame>
									<float name="MaskWeight">0</float>
									<string name="Name">RightFoot</string>
									<float name="Weight">1</float>
								</Properties>
							</Item>
						</Item>
					</Item>
				</Item>
			</Item>
		</Item>
		<Item class="Keyframe" referent="RBX39">
			<Properties>
				<string name="Name">Keyframe</string>
				<float name="Time">0.083333</float>
			</Properties>
			<Item class="Pose" referent="RBX42">
				<Properties>
					<CoordinateFrame name="CFrame">
						<X>0.000000</X> <Y>0.000000</Y> <Z>0.000000</Z>
						<R00>1.000000</R00> <R01>0.000000</R01> <R02>0.000000</R02>
						<R10>0.000000</R10> <R11>1.000000</R11> <R12>0.000000</R12>
						<R20>0.000000</R20> <R21>0.000000</R21> <R22>1.000000</R22>
					</CoordinateFrame>
					<float name="MaskWeight">0</float>
					<string name="Name">HumanoidRootPart</string>
					<float name="Weight">1</float>
				</Properties>
				<Item class="Pose" referent="RBX43">
					<Properties>
						<CoordinateFrame name="CFrame">
							<X>-0.048031</X> <Y>-0.183485</Y> <Z>0.066980</Z>
							<R00>0.996001</R00> <R01>0.049563</R01> <R02>-0.074336</R02>
							<R10>-0.048896</R10> <R11>0.998746</R11> <R12>0.010757</R12>
							<R20>0.074776</R20> <R21>-0.007079</R21> <R22>0.997175</R22>
						</CoordinateFrame>
						<float name="MaskWeight">0</float>
						<string name="Name">LowerTorso</string>
						<float name="Weight">1</float>
					</Properties>
					<Item class="Pose" referent="RBX44">
						<Properties>
							<CoordinateFrame name="CFrame">
								<X>0.000000</X> <Y>0.000000</Y> <Z>-0.000000</Z>
								<R00>0.996546</R00> <R01>-0.082549</R01> <R02>0.009042</R02>
								<R10>0.082450</R10> <R11>0.996537</R11> <R12>0.010777</R12>
								<R20>-0.009901</R20> <R21>-0.009994</R21> <R22>0.999901</R22>
							</CoordinateFrame>
							<float name="MaskWeight">0</float>
							<string name="Name">UpperTorso</string>
							<float name="Weight">1</float>
						</Properties>
						<Item class="Pose" referent="RBX45">
							<Properties>
								<CoordinateFrame name="CFrame">
									<X>-0.000000</X> <Y>0.000000</Y> <Z>0.042861</Z>
									<R00>0.983782</R00> <R01>0.027242</R01> <R02>-0.177289</R02>
									<R10>-0.029584</R10> <R11>0.999506</R11> <R12>-0.010583</R12>
									<R20>0.176914</R20> <R21>0.015657</R21> <R22>0.984102</R22>
								</CoordinateFrame>
								<float name="MaskWeight">0</float>
								<string name="Name">Head</string>
								<float name="Weight">1</float>
							</Properties>
						</Item>
						<Item class="Pose" referent="RBX46">
							<Properties>
								<CoordinateFrame name="CFrame">
									<X>-0.000144</X> <Y>0.000084</Y> <Z>0.000365</Z>
									<R00>0.975224</R00> <R01>0.217308</R01> <R02>-0.041423</R02>
									<R10>-0.215813</R10> <R11>0.975706</R11> <R12>0.037721</R12>
									<R20>0.048613</R20> <R21>-0.027847</R21> <R22>0.998429</R22>
								</CoordinateFrame>
								<float name="MaskWeight">0</float>
								<string name="Name">LeftUpperArm</string>
								<float name="Weight">1</float>
							</Properties>
							<Item class="Pose" referent="RBX47">
								<Properties>
									<CoordinateFrame name="CFrame">
										<X>-0.000370</X> <Y>-0.000127</Y> <Z>0.000000</Z>
										<R00>0.999888</R00> <R01>-0.001423</R01> <R02>-0.014882</R02>
										<R10>-0.002124</R10> <R11>0.971845</R11> <R12>-0.235612</R12>
										<R20>0.014799</R20> <R21>0.235617</R21> <R22>0.971733</R22>
									</CoordinateFrame>
									<float name="MaskWeight">0</float>
									<string name="Name">LeftLowerArm</string>
									<float name="Weight">1</float>
								</Properties>
								<Item class="Pose" referent="RBX48">
									<Properties>
										<CoordinateFrame name="CFrame">
											<X>0.000000</X> <Y>0.000206</Y> <Z>0.000000</Z>
											<R00>1.000000</R00> <R01>-0.000000</R01> <R02>0.000000</R02>
											<R10>0.000000</R10> <R11>1.000000</R11> <R12>-0.000000</R12>
											<R20>0.000000</R20> <R21>0.000000</R21> <R22>1.000000</R22>
										</CoordinateFrame>
										<float name="MaskWeight">0</float>
										<string name="Name">LeftHand</string>
										<float name="Weight">1</float>
									</Properties>
								</Item>
							</Item>
						</Item>
						<Item class="Pose" referent="RBX49">
							<Properties>
								<CoordinateFrame name="CFrame">
									<X>0.000013</X> <Y>-0.000024</Y> <Z>0.000000</Z>
									<R00>0.992793</R00> <R01>-0.116148</R01> <R02>0.029544</R02>
									<R10>0.103456</R10> <R11>0.955009</R11> <R12>0.277947</R12>
									<R20>-0.060497</R20> <R21>-0.272887</R21> <R22>0.960142</R22>
								</CoordinateFrame>
								<float name="MaskWeight">0</float>
								<string name="Name">RightUpperArm</string>
								<float name="Weight">1</float>
							</Properties>
							<Item class="Pose" referent="RBX50">
								<Properties>
									<CoordinateFrame name="CFrame">
										<X>-0.000020</X> <Y>0.000018</Y> <Z>0.000000</Z>
										<R00>0.999551</R00> <R01>-0.006601</R01> <R02>-0.029240</R02>
										<R10>-0.004151</R10> <R11>0.935573</R11> <R12>-0.353108</R12>
										<R20>0.029687</R20> <R21>0.353071</R21> <R22>0.935125</R22>
									</CoordinateFrame>
									<float name="MaskWeight">0</float>
									<string name="Name">RightLowerArm</string>
									<float name="Weight">1</float>
								</Properties>
								<Item class="Pose" referent="RBX51">
									<Properties>
										<CoordinateFrame name="CFrame">
											<X>0.000000</X> <Y>0.000000</Y> <Z>-0.000000</Z>
											<R00>1.000000</R00> <R01>-0.000000</R01> <R02>0.000000</R02>
											<R10>0.000000</R10> <R11>1.000000</R11> <R12>0.000000</R12>
											<R20>0.000000</R20> <R21>0.000000</R21> <R22>1.000000</R22>
										</CoordinateFrame>
										<float name="MaskWeight">0</float>
										<string name="Name">RightHand</string>
										<float name="Weight">1</float>
									</Properties>
								</Item>
							</Item>
						</Item>
					</Item>
					<Item class="Pose" referent="RBX52">
						<Properties>
							<CoordinateFrame name="CFrame">
								<X>-0.000200</X> <Y>0.000098</Y> <Z>-0.015000</Z>
								<R00>0.998277</R00> <R01>0.034712</R01> <R02>0.047302</R02>
								<R10>-0.017981</R10> <R11>0.948421</R11> <R12>-0.316503</R12>
								<R20>-0.055848</R20> <R21>0.315107</R21> <R22>0.947412</R22>
							</CoordinateFrame>
							<float name="MaskWeight">0</float>
							<string name="Name">LeftUpperLeg</string>
							<float name="Weight">1</float>
						</Properties>
						<Item class="Pose" referent="RBX53">
							<Properties>
								<CoordinateFrame name="CFrame">
									<X>-0.000000</X> <Y>-0.000400</Y> <Z>0.000178</Z>
									<R00>1.000000</R00> <R01>0.000007</R01> <R02>0.000007</R02>
									<R10>-0.000010</R10> <R11>0.699440</R11> <R12>0.714692</R12>
									<R20>-0.000000</R20> <R21>-0.714692</R21> <R22>0.699440</R22>
								</CoordinateFrame>
								<float name="MaskWeight">0</float>
								<string name="Name">LeftLowerLeg</string>
								<float name="Weight">1</float>
							</Properties>
							<Item class="Pose" referent="RBX54">
								<Properties>
									<CoordinateFrame name="CFrame">
										<X>-0.000001</X> <Y>-0.000000</Y> <Z>0.075814</Z>
										<R00>0.997722</R00> <R01>-0.067373</R01> <R02>-0.003505</R02>
										<R10>0.058065</R10> <R11>0.884003</R11> <R12>-0.463862</R12>
										<R20>0.034350</R20> <R21>0.462602</R21> <R22>0.885901</R22>
									</CoordinateFrame>
									<float name="MaskWeight">0</float>
									<string name="Name">LeftFoot</string>
									<float name="Weight">1</float>
								</Properties>
							</Item>
						</Item>
					</Item>
					<Item class="Pose" referent="RBX55">
						<Properties>
							<CoordinateFrame name="CFrame">
								<X>0.000200</X> <Y>0.000293</Y> <Z>-0.015000</Z>
								<R00>0.988344</R00> <R01>-0.063386</R01> <R02>0.138413</R02>
								<R10>0.140311</R10> <R11>0.732037</R11> <R12>-0.666659</R12>
								<R20>-0.059067</R20> <R21>0.678310</R21> <R22>0.732398</R22>
							</CoordinateFrame>
							<float name="MaskWeight">0</float>
							<string name="Name">RightUpperLeg</string>
							<float name="Weight">1</float>
						</Properties>
						<Item class="Pose" referent="RBX56">
							<Properties>
								<CoordinateFrame name="CFrame">
									<X>0.000000</X> <Y>0.000000</Y> <Z>0.000000</Z>
									<R00>1.000000</R00> <R01>-0.000000</R01> <R02>-0.000000</R02>
									<R10>-0.000000</R10> <R11>0.581039</R11> <R12>0.813876</R12>
									<R20>0.000000</R20> <R21>-0.813876</R21> <R22>0.581039</R22>
								</CoordinateFrame>
								<float name="MaskWeight">0</float>
								<string name="Name">RightLowerLeg</string>
								<float name="Weight">1</float>
							</Properties>
							<Item class="Pose" referent="RBX57">
								<Properties>
									<CoordinateFrame name="CFrame">
										<X>0.000000</X> <Y>-0.000006</Y> <Z>0.075000</Z>
										<R00>0.995568</R00> <R01>0.091197</R01> <R02>0.022952</R02>
										<R10>-0.083943</R10> <R11>0.971817</R11> <R12>-0.220287</R12>
										<R20>-0.042395</R20> <R21>0.217384</R21> <R22>0.975165</R22>
									</CoordinateFrame>
									<float name="MaskWeight">0</float>
									<string name="Name">RightFoot</string>
									<float name="Weight">1</float>
								</Properties>
							</Item>
						</Item>
					</Item>
				</Item>
			</Item>
		</Item>
		<Item class="Keyframe" referent="RBX58">
			<Properties>
				<string name="Name">Keyframe</string>
				<float name="Time">0.125000</float>
			</Properties>
			<Item class="Pose" referent="RBX61">
				<Properties>
					<CoordinateFrame name="CFrame">
						<X>0.000000</X> <Y>0.000000</Y> <Z>0.000000</Z>
						<R00>1.000000</R00> <R01>0.000000</R01> <R02>0.000000</R02>
						<R10>0.000000</R10> <R11>1.000000</R11> <R12>0.000000</R12>
						<R20>0.000000</R20> <R21>0.000000</R21> <R22>1.000000</R22>
					</CoordinateFrame>
					<float name="MaskWeight">0</float>
					<string name="Name">HumanoidRootPart</string>
					<float name="Weight">1</float>
				</Properties>
				<Item class="Pose" referent="RBX62">
					<Properties>
						<CoordinateFrame name="CFrame">
							<X>-0.027242</X> <Y>-0.181816</Y> <Z>0.066980</Z>
							<R00>0.996001</R00> <R01>0.049760</R01> <R02>-0.074204</R02>
							<R10>-0.048896</R10> <R11>0.998714</R11> <R12>0.013415</R12>
							<R20>0.074776</R20> <R21>-0.009733</R21> <R22>0.997153</R22>
						</CoordinateFrame>
						<float name="MaskWeight">0</float>
						<string name="Name">LowerTorso</string>
						<float name="Weight">1</float>
					</Properties>
					<Item class="Pose" referent="RBX63">
						<Properties>
							<CoordinateFrame name="CFrame">
								<X>-0.000000</X> <Y>0.000000</Y> <Z>0.000000</Z>
								<R00>0.996491</R00> <R01>-0.082773</R01> <R02>-0.012389</R02>
								<R10>0.082887</R10> <R11>0.996518</R11> <R12>0.008994</R12>
								<R20>0.011601</R20> <R21>-0.009990</R21> <R22>0.999883</R22>
							</CoordinateFrame>
							<float name="MaskWeight">0</float>
							<string name="Name">UpperTorso</string>
							<float name="Weight">1</float>
						</Properties>
						<Item class="Pose" referent="RBX64">
							<Properties>
								<CoordinateFrame name="CFrame">
									<X>-0.000000</X> <Y>0.000000</Y> <Z>0.042861</Z>
									<R00>0.959657</R00> <R01>0.016257</R01> <R02>-0.280702</R02>
									<R10>-0.018658</R10> <R11>0.999809</R11> <R12>-0.005881</R12>
									<R20>0.280553</R20> <R21>0.010881</R21> <R22>0.959777</R22>
								</CoordinateFrame>
								<float name="MaskWeight">0</float>
								<string name="Name">Head</string>
								<float name="Weight">1</float>
							</Properties>
						</Item>
						<Item class="Pose" referent="RBX65">
							<Properties>
								<CoordinateFrame name="CFrame">
									<X>-0.000145</X> <Y>0.000084</Y> <Z>0.000365</Z>
									<R00>0.973400</R00> <R01>0.226433</R01> <R02>-0.034952</R02>
									<R10>-0.224872</R10> <R11>0.973414</R11> <R12>0.043567</R12>
									<R20>0.043887</R20> <R21>-0.034549</R21> <R22>0.998439</R22>
								</CoordinateFrame>
								<float name="MaskWeight">0</float>
								<string name="Name">LeftUpperArm</string>
								<float name="Weight">1</float>
							</Properties>
							<Item class="Pose" referent="RBX66">
								<Properties>
									<CoordinateFrame name="CFrame">
										<X>-0.000370</X> <Y>-0.000127</Y> <Z>0.000000</Z>
										<R00>0.999876</R00> <R01>-0.001832</R01> <R02>-0.015650</R02>
										<R10>-0.002409</R10> <R11>0.963770</R11> <R12>-0.266726</R12>
										<R20>0.015571</R20> <R21>0.266730</R21> <R22>0.963646</R22>
									</CoordinateFrame>
									<float name="MaskWeight">0</float>
									<string name="Name">LeftLowerArm</string>
									<float name="Weight">1</float>
								</Properties>
								<Item class="Pose" referent="RBX67">
									<Properties>
										<CoordinateFrame name="CFrame">
											<X>0.000000</X> <Y>0.000206</Y> <Z>0.000000</Z>
											<R00>1.000000</R00> <R01>0.000000</R01> <R02>0.000000</R02>
											<R10>0.000000</R10> <R11>1.000000</R11> <R12>0.000000</R12>
											<R20>-0.000000</R20> <R21>0.000000</R21> <R22>1.000000</R22>
										</CoordinateFrame>
										<float name="MaskWeight">0</float>
										<string name="Name">LeftHand</string>
										<float name="Weight">1</float>
									</Properties>
								</Item>
							</Item>
						</Item>
						<Item class="Pose" referent="RBX68">
							<Properties>
								<CoordinateFrame name="CFrame">
									<X>0.000013</X> <Y>-0.000024</Y> <Z>-0.000000</Z>
									<R00>0.991314</R00> <R01>-0.125695</R01> <R02>0.038707</R02>
									<R10>0.107487</R10> <R11>0.943882</R11> <R12>0.312304</R12>
									<R20>-0.075790</R20> <R21>-0.305430</R21> <R22>0.949194</R22>
								</CoordinateFrame>
								<float name="MaskWeight">0</float>
								<string name="Name">RightUpperArm</string>
								<float name="Weight">1</float>
							</Properties>
							<Item class="Pose" referent="RBX69">
								<Properties>
									<CoordinateFrame name="CFrame">
										<X>-0.000020</X> <Y>0.000018</Y> <Z>0.000000</Z>
										<R00>0.999559</R00> <R01>-0.006860</R01> <R02>-0.028884</R02>
										<R10>-0.004396</R10> <R11>0.928000</R11> <R12>-0.372555</R12>
										<R20>0.029360</R20> <R21>0.372518</R21> <R22>0.927561</R22>
									</CoordinateFrame>
									<float name="MaskWeight">0</float>
									<string name="Name">RightLowerArm</string>
									<float name="Weight">1</float>
								</Properties>
								<Item class="Pose" referent="RBX70">
									<Properties>
										<CoordinateFrame name="CFrame">
											<X>0.000000</X> <Y>-0.000000</Y> <Z>0.000000</Z>
											<R00>1.000000</R00> <R01>0.000000</R01> <R02>0.000000</R02>
											<R10>0.000000</R10> <R11>1.000000</R11> <R12>-0.000000</R12>
											<R20>0.000000</R20> <R21>0.000000</R21> <R22>1.000000</R22>
										</CoordinateFrame>
										<float name="MaskWeight">0</float>
										<string name="Name">RightHand</string>
										<float name="Weight">1</float>
									</Properties>
								</Item>
							</Item>
						</Item>
					</Item>
					<Item class="Pose" referent="RBX71">
						<Properties>
							<CoordinateFrame name="CFrame">
								<X>-0.000200</X> <Y>0.000098</Y> <Z>-0.015000</Z>
								<R00>0.997914</R00> <R01>0.047273</R01> <R02>0.043968</R02>
								<R10>-0.031057</R10> <R11>0.948582</R11> <R12>-0.315004</R12>
								<R20>-0.056598</R20> <R21>0.312982</R21> <R22>0.948071</R22>
							</CoordinateFrame>
							<float name="MaskWeight">0</float>
							<string name="Name">LeftUpperLeg</string>
							<float name="Weight">1</float>
						</Properties>
						<Item class="Pose" referent="RBX72">
							<Properties>
								<CoordinateFrame name="CFrame">
									<X>-0.000000</X> <Y>-0.000400</Y> <Z>0.000178</Z>
									<R00>1.000000</R00> <R01>0.000007</R01> <R02>0.000007</R02>
									<R10>-0.000010</R10> <R11>0.705373</R11> <R12>0.708837</R12>
									<R20>-0.000000</R20> <R21>-0.708837</R21> <R22>0.705373</R22>
								</CoordinateFrame>
								<float name="MaskWeight">0</float>
								<string name="Name">LeftLowerLeg</string>
								<float name="Weight">1</float>
							</Properties>
							<Item class="Pose" referent="RBX73">
								<Properties>
									<CoordinateFrame name="CFrame">
										<X>-0.000001</X> <Y>-0.000000</Y> <Z>0.075814</Z>
										<R00>0.996740</R00> <R01>-0.080572</R01> <R02>-0.004083</R02>
										<R10>0.069661</R10> <R11>0.885083</R11> <R12>-0.460191</R12>
										<R20>0.040692</R20> <R21>0.458407</R21> <R22>0.887810</R22>
									</CoordinateFrame>
									<float name="MaskWeight">0</float>
									<string name="Name">LeftFoot</string>
									<float name="Weight">1</float>
								</Properties>
							</Item>
						</Item>
					</Item>
					<Item class="Pose" referent="RBX74">
						<Properties>
							<CoordinateFrame name="CFrame">
								<X>0.000200</X> <Y>0.000293</Y> <Z>-0.015000</Z>
								<R00>0.989898</R00> <R01>-0.051375</R01> <R02>0.132143</R02>
								<R10>0.127383</R10> <R11>0.731490</R11> <R12>-0.669847</R12>
								<R20>-0.062248</R20> <R21>0.679914</R21> <R22>0.730645</R22>
							</CoordinateFrame>
							<float name="MaskWeight">0</float>
							<string name="Name">RightUpperLeg</string>
							<float name="Weight">1</float>
						</Properties>
						<Item class="Pose" referent="RBX75">
							<Properties>
								<CoordinateFrame name="CFrame">
									<X>-0.000000</X> <Y>0.000000</Y> <Z>0.000000</Z>
									<R00>1.000000</R00> <R01>0.000000</R01> <R02>0.000000</R02>
									<R10>0.000000</R10> <R11>0.580982</R11> <R12>0.813917</R12>
									<R20>0.000000</R20> <R21>-0.813917</R21> <R22>0.580982</R22>
								</CoordinateFrame>
								<float name="MaskWeight">0</float>
								<string name="Name">RightLowerLeg</string>
								<float name="Weight">1</float>
							</Properties>
							<Item class="Pose" referent="RBX76">
								<Properties>
									<CoordinateFrame name="CFrame">
										<X>0.000000</X> <Y>-0.000006</Y> <Z>0.075000</Z>
										<R00>0.996759</R00> <R01>0.078008</R01> <R02>0.019655</R02>
										<R10>-0.071815</R10> <R11>0.972948</R11> <R12>-0.219577</R12>
										<R20>-0.036252</R20> <R21>0.217453</R21> <R22>0.975397</R22>
									</CoordinateFrame>
									<float name="MaskWeight">0</float>
									<string name="Name">RightFoot</string>
									<float name="Weight">1</float>
								</Properties>
							</Item>
						</Item>
					</Item>
				</Item>
			</Item>
		</Item>
		<Item class="Keyframe" referent="RBX77">
			<Properties>
				<string name="Name">Keyframe</string>
				<float name="Time">0.166667</float>
			</Properties>
			<Item class="Pose" referent="RBX80">
				<Properties>
					<CoordinateFrame name="CFrame">
						<X>0.000000</X> <Y>0.000000</Y> <Z>0.000000</Z>
						<R00>1.000000</R00> <R01>0.000000</R01> <R02>0.000000</R02>
						<R10>0.000000</R10> <R11>1.000000</R11> <R12>0.000000</R12>
						<R20>0.000000</R20> <R21>0.000000</R21> <R22>1.000000</R22>
					</CoordinateFrame>
					<float name="MaskWeight">0</float>
					<string name="Name">HumanoidRootPart</string>
					<float name="Weight">1</float>
				</Properties>
				<Item class="Pose" referent="RBX81">
					<Properties>
						<CoordinateFrame name="CFrame">
							<X>-0.002687</X> <Y>-0.179739</Y> <Z>0.066980</Z>
							<R00>0.996001</R00> <R01>0.049994</R01> <R02>-0.074047</R02>
							<R10>-0.048896</R10> <R11>0.998667</R11> <R12>0.016561</R12>
							<R20>0.074776</R20> <R21>-0.012874</R21> <R22>0.997117</R22>
						</CoordinateFrame>
						<float name="MaskWeight">0</float>
						<string name="Name">LowerTorso</string>
						<float name="Weight">1</float>
					</Properties>
					<Item class="Pose" referent="RBX82">
						<Properties>
							<CoordinateFrame name="CFrame">
								<X>-0.000000</X> <Y>0.000000</Y> <Z>0.000000</Z>
								<R00>0.996051</R00> <R01>-0.083005</R01> <R02>-0.031515</R02>
								<R10>0.083276</R10> <R11>0.996499</R11> <R12>0.007386</R12>
								<R20>0.030792</R20> <R21>-0.009981</R21> <R22>0.999476</R22>
							</CoordinateFrame>
							<float name="MaskWeight">0</float>
							<string name="Name">UpperTorso</string>
							<float name="Weight">1</float>
						</Properties>
						<Item class="Pose" referent="RBX83">
							<Properties>
								<CoordinateFrame name="CFrame">
									<X>0.000000</X> <Y>0.000000</Y> <Z>0.042861</Z>
									<R00>0.924174</R00> <R01>0.004490</R01> <R02>-0.381946</R02>
									<R10>-0.006167</R10> <R11>0.999976</R11> <R12>-0.003167</R12>
									<R20>0.381923</R20> <R21>0.005282</R21> <R22>0.924179</R22>
								</CoordinateFrame>
								<float name="MaskWeight">0</float>
								<string name="Name">Head</string>
								<float name="Weight">1</float>
							</Properties>
						</Item>
						<Item class="Pose" referent="RBX84">
							<Properties>
								<CoordinateFrame name="CFrame">
									<X>-0.000145</X> <Y>0.000084</Y> <Z>0.000365</Z>
									<R00>0.971006</R00> <R01>0.237512</R01> <R02>-0.027115</R02>
									<R10>-0.235978</R10> <R11>0.970463</R11> <R12>0.050171</R12>
									<R20>0.038230</R20> <R21>-0.042318</R21> <R22>0.998372</R22>
								</CoordinateFrame>
								<float name="MaskWeight">0</float>
								<string name="Name">LeftUpperArm</string>
