<roblox xmlns:xmime="http://www.w3.org/2005/05/xmlmime" xmlns:xsi="http://www.w3.org/2001/XMLSchema-instance" xsi:noNamespaceSchemaLocation="http://www.mulrbx.com/roblox.xsd" version="4" assettype="animation">
   <External>null</External>
   <External>nil</External>
   <Item class="KeyframeSequence" referent="RBX0">
		<Properties>
			<bool name="Loop">true</bool>
			<string name="Name">Test</string>
			<token name="Priority">1000</token>
		</Properties>
		<Item class="Keyframe" referent="RBX1">
			<Properties>
				<string name="Name">Keyframe</string>
				<float name="Time">0.000000</float>
			</Properties>
			<Item class="Pose" referent="RBX4">
				<Properties>
					<CoordinateFrame name="CFrame">
						<X>0.000000</X> <Y>0.000000</Y> <Z>0.000000</Z>
						<R00>1.000000</R00> <R01>0.000000</R01> <R02>0.000000</R02>
						<R10>0.000000</R10> <R11>1.000000</R11> <R12>0.000000</R12>
						<R20>0.000000</R20> <R21>0.000000</R21> <R22>1.000000</R22>
					</CoordinateFrame>
					<float name="MaskWeight">0</float>
					<string name="Name">HumanoidRootPart</string>
					<float name="Weight">1</float>
				</Properties>
				<Item class="Pose" referent="RBX5">
					<Properties>
						<CoordinateFrame name="CFrame">
							<X>-0.069068</X> <Y>-0.084727</Y> <Z>0.066980</Z>
							<R00>0.996001</R00> <R01>0.049365</R01> <R02>-0.074467</R02>
							<R10>-0.048896</R10> <R11>0.998771</R11> <R12>0.008102</R12>
							<R20>0.074776</R20> <R21>-0.004428</R21> <R22>0.997191</R22>
						</CoordinateFrame>
						<float name="MaskWeight">0</float>
						<string name="Name">LowerTorso</string>
						<float name="Weight">1</float>
					</Properties>
					<Item class="Pose" referent="RBX6">
						<Properties>
							<CoordinateFrame name="CFrame">
								<X>0.000000</X> <Y>0.000000</Y> <Z>0.000000</Z>
								<R00>0.994931</R00> <R01>-0.082128</R01> <R02>0.058035</R02>
								<R10>0.081401</R10> <R11>0.996572</R11> <R12>0.014790</R12>
								<R20>-0.059051</R20> <R21>-0.009991</R21> <R22>0.998205</R22>
							</CoordinateFrame>
							<float name="MaskWeight">0</float>
							<string name="Name">UpperTorso</string>
							<float name="Weight">1</float>
						</Properties>
						<Item class="Pose" referent="RBX7">
							<Properties>
								<CoordinateFrame name="CFrame">
									<X>0.000000</X> <Y>0.000000</Y> <Z>0.042861</Z>
									<R00>0.999133</R00> <R01>0.040241</R01> <R02>0.010642</R02>
									<R10>-0.040016</R10> <R11>0.998988</R11> <R12>-0.020556</R12>
									<R20>-0.011459</R20> <R21>0.020112</R21> <R22>0.999732</R22>
								</CoordinateFrame>
								<float name="MaskWeight">0</float>
								<string name="Name">Head</string>
								<float name="Weight">1</float>
							</Properties>
						</Item>
						<Item class="Pose" referent="RBX8">
							<Properties>
								<CoordinateFrame name="CFrame">
									<X>-0.000145</X> <Y>0.000084</Y> <Z>0.000365</Z>
									<R00>0.976800</R00> <R01>0.208832</R01> <R02>-0.047442</R02>
									<R10>-0.207476</R10> <R11>0.977718</R11> <R12>0.031953</R12>
									<R20>0.053058</R20> <R21>-0.021369</R21> <R22>0.998363</R22>
								</CoordinateFrame>
								<float name="MaskWeight">0</float>
								<string name="Name">LeftUpperArm</string>
								<float name="Weight">1</float>
							</Properties>
							<Item class="Pose" referent="RBX9">
								<Properties>
									<CoordinateFrame name="CFrame">
										<X>-0.000370</X> <Y>-0.000127</Y> <Z>0.000000</Z>
										<R00>0.999898</R00> <R01>-0.000949</R01> <R02>-0.014227</R02>
										<R10>-0.001895</R10> <R11>0.980083</R11> <R12>-0.198578</R12>
										<R20>0.014132</R20> <R21>0.198584</R21> <R22>0.979982</R22>
									</CoordinateFrame>
									<float name="MaskWeight">0</float>
									<string name="Name">LeftLowerArm</string>
									<float name="Weight">1</float>
								</Properties>
								<Item class="Pose" referent="RBX10">
									<Properties>
										<CoordinateFrame name="CFrame">
											<X>0.000000</X> <Y>0.102181</Y> <Z>0.000000</Z>
											<R00>1.000000</R00> <R01>-0.000000</R01> <R02>0.000000</R02>
											<R10>-0.000000</R10> <R11>1.000000</R11> <R12>0.000000</R12>
											<R20>0.000000</R20> <R21>0.000000</R21> <R22>1.000000</R22>
										</CoordinateFrame>
										<float name="MaskWeight">0</float>
										<string name="Name">LeftHand</string>
										<float name="Weight">1</float>
									</Properties>
								</Item>
							</Item>
						</Item>
						<Item class="Pose" referent="RBX11">
							<Properties>
								<CoordinateFrame name="CFrame">
									<X>0.000013</X> <Y>-0.000023</Y> <Z>0.000000</Z>
									<R00>0.994127</R00> <R01>-0.107360</R01> <R02>0.013617</R02>
									<R10>0.101856</R10> <R11>0.970745</R11> <R12>0.217440</R12>
									<R20>-0.036563</R20> <R21>-0.214776</R21> <R22>0.975979</R22>
								</CoordinateFrame>
								<float name="MaskWeight">0</float>
								<string name="Name">RightUpperArm</string>
								<float name="Weight">1</float>
							</Properties>
							<Item class="Pose" referent="RBX12">
								<Properties>
									<CoordinateFrame name="CFrame">
										<X>-0.000020</X> <Y>0.000018</Y> <Z>0.000000</Z>
										<R00>0.999979</R00> <R01>-0.006387</R01> <R02>0.000340</R02>
										<R10>0.006132</R10> <R11>0.942081</R11> <R12>-0.335329</R12>
										<R20>0.001821</R20> <R21>0.335325</R21> <R22>0.942101</R22>
									</CoordinateFrame>
									<float name="MaskWeight">0</float>
									<string name="Name">RightLowerArm</string>
									<float name="Weight">1</float>
								</Properties>
								<Item class="Pose" referent="RBX13">
									<Properties>
										<CoordinateFrame name="CFrame">
											<X>0.000000</X> <Y>0.101975</Y> <Z>-0.000000</Z>
											<R00>1.000000</R00> <R01>0.000000</R01> <R02>0.000000</R02>
											<R10>0.000000</R10> <R11>1.000000</R11> <R12>0.000000</R12>
											<R20>0.000000</R20> <R21>0.000000</R21> <R22>1.000000</R22>
										</CoordinateFrame>
										<float name="MaskWeight">0</float>
										<string name="Name">RightHand</string>
										<float name="Weight">1</float>
									</Properties>
								</Item>
							</Item>
						</Item>
					</Item>
					<Item class="Pose" referent="RBX14">
						<Properties>
							<CoordinateFrame name="CFrame">
								<X>-0.000200</X> <Y>0.000098</Y> <Z>-0.015000</Z>
								<R00>0.998355</R00> <R01>-0.024697</R01> <R02>0.051743</R02>
								<R10>0.026407</R10> <R11>0.999119</R11> <R12>-0.032619</R12>
								<R20>-0.050891</R20> <R21>0.033931</R21> <R22>0.998128</R22>
							</CoordinateFrame>
							<float name="MaskWeight">0</float>
							<string name="Name">LeftUpperLeg</string>
							<float name="Weight">1</float>
						</Properties>
						<Item class="Pose" referent="RBX15">
							<Properties>
								<CoordinateFrame name="CFrame">
									<X>-0.000000</X> <Y>-0.000400</Y> <Z>0.000178</Z>
									<R00>1.000000</R00> <R01>0.000004</R01> <R02>0.000001</R02>
									<R10>-0.000004</R10> <R11>0.956994</R11> <R12>0.290109</R12>
									<R20>-0.000000</R20> <R21>-0.290109</R21> <R22>0.956994</R22>
								</CoordinateFrame>
								<float name="MaskWeight">0</float>
								<string name="Name">LeftLowerLeg</string>
								<float name="Weight">1</float>
							</Properties>
							<Item class="Pose" referent="RBX16">
								<Properties>
									<CoordinateFrame name="CFrame">
										<X>-0.000001</X> <Y>0.000000</Y> <Z>0.075000</Z>
										<R00>0.999738</R00> <R01>-0.022851</R01> <R02>0.001164</R02>
										<R10>0.022347</R10> <R11>0.964233</R11> <R12>-0.264111</R12>
										<R20>0.004913</R20> <R21>0.264068</R21> <R22>0.964492</R22>
									</CoordinateFrame>
									<float name="MaskWeight">0</float>
									<string name="Name">LeftFoot</string>
									<float name="Weight">1</float>
								</Properties>
							</Item>
						</Item>
					</Item>
					<Item class="Pose" referent="RBX17">
						<Properties>
							<CoordinateFrame name="CFrame">
								<X>0.000200</X> <Y>0.000307</Y> <Z>0.015000</Z>
								<R00>0.975599</R00> <R01>-0.163524</R01> <R02>0.146515</R02>
								<R10>0.212279</R10> <R11>0.872930</R11> <R12>-0.439239</R12>
								<R20>-0.056071</R20> <R21>0.459623</R21> <R22>0.886342</R22>
							</CoordinateFrame>
							<float name="MaskWeight">0</float>
							<string name="Name">RightUpperLeg</string>
							<float name="Weight">1</float>
						</Properties>
						<Item class="Pose" referent="RBX18">
							<Properties>
								<CoordinateFrame name="CFrame">
									<X>0.000000</X> <Y>0.000000</Y> <Z>0.000000</Z>
									<R00>1.000000</R00> <R01>-0.000000</R01> <R02>-0.000000</R02>
									<R10>0.000000</R10> <R11>0.889235</R11> <R12>0.457451</R12>
									<R20>0.000000</R20> <R21>-0.457451</R21> <R22>0.889235</R22>
								</CoordinateFrame>
								<float name="MaskWeight">0</float>
								<string name="Name">RightLowerLeg</string>
								<float name="Weight">1</float>
							</Properties>
							<Item class="Pose" referent="RBX19">
								<Properties>
									<CoordinateFrame name="CFrame">
										<X>-0.000000</X> <Y>-0.000006</Y> <Z>0.075000</Z>
										<R00>0.986163</R00> <R01>0.163881</R01> <R02>0.025013</R02>
										<R10>-0.163450</R10> <R11>0.986379</R11> <R12>-0.018438</R12>
										<R20>-0.027694</R20> <R21>0.014094</R21> <R22>0.999517</R22>
									</CoordinateFrame>
									<float name="MaskWeight">0</float>
									<string name="Name">RightFoot</string>
									<float name="Weight">1</float>
								</Properties>
							</Item>
						</Item>
					</Item>
				</Item>
			</Item>
		</Item>
		<Item class="Keyframe" referent="RBX20">
			<Properties>
				<string name="Name">Keyframe</string>
				<float name="Time">0.042659</float>
			</Properties>
			<Item class="Pose" referent="RBX23">
				<Properties>
					<CoordinateFrame name="CFrame">
						<X>0.000000</X> <Y>0.000000</Y> <Z>0.000000</Z>
						<R00>1.000000</R00> <R01>0.000000</R01> <R02>0.000000</R02>
						<R10>0.000000</R10> <R11>1.000000</R11> <R12>0.000000</R12>
						<R20>0.000000</R20> <R21>0.000000</R21> <R22>1.000000</R22>
					</CoordinateFrame>
					<float name="MaskWeight">0</float>
					<string name="Name">HumanoidRootPart</string>
					<float name="Weight">1</float>
				</Properties>
				<Item class="Pose" referent="RBX24">
					<Properties>
						<CoordinateFrame name="CFrame">
							<X>-0.073951</X> <Y>-0.095949</Y> <Z>0.099214</Z>
							<R00>0.997129</R00> <R01>0.042767</R01> <R02>-0.062490</R02>
							<R10>-0.042442</R10> <R11>0.999078</R11> <R12>0.006514</R12>
							<R20>0.062711</R20> <R21>-0.003843</R21> <R22>0.998024</R22>
						</CoordinateFrame>
						<float name="MaskWeight">0</float>
						<string name="Name">LowerTorso</string>
						<float name="Weight">1</float>
					</Properties>
					<Item class="Pose" referent="RBX25">
						<Properties>
							<CoordinateFrame name="CFrame">
								<X>-0.000000</X> <Y>0.000000</Y> <Z>-0.000000</Z>
								<R00>0.995833</R00> <R01>-0.072289</R01> <R02>0.055595</R02>
								<R10>0.069537</R10> <R11>0.996329</R11> <R12>0.049927</R12>
								<R20>-0.059000</R20> <R21>-0.045853</R21> <R22>0.997204</R22>
							</CoordinateFrame>
							<float name="MaskWeight">0</float>
							<string name="Name">UpperTorso</string>
							<float name="Weight">1</float>
						</Properties>
						<Item class="Pose" referent="RBX26">
							<Properties>
								<CoordinateFrame name="CFrame">
									<X>0.000000</X> <Y>0.000000</Y> <Z>0.042861</Z>
									<R00>0.999491</R00> <R01>0.031120</R01> <R02>0.007013</R02>
									<R10>-0.030745</R10> <R11>0.998358</R11> <R12>-0.048323</R12>
									<R20>-0.008505</R20> <R21>0.048083</R21> <R22>0.998807</R22>
								</CoordinateFrame>
								<float name="MaskWeight">0</float>
								<string name="Name">Head</string>
								<float name="Weight">1</float>
							</Properties>
						</Item>
						<Item class="Pose" referent="RBX27">
							<Properties>
								<CoordinateFrame name="CFrame">
									<X>-0.000145</X> <Y>0.000084</Y> <Z>0.000365</Z>
									<R00>0.971801</R00> <R01>0.228914</R01> <R02>-0.056575</R02>
									<R10>-0.228918</R10> <R11>0.973424</R11> <R12>0.006488</R12>
									<R20>0.056556</R20> <R21>0.006646</R21> <R22>0.998377</R22>
								</CoordinateFrame>
								<float name="MaskWeight">0</float>
								<string name="Name">LeftUpperArm</string>
								<float name="Weight">1</float>
							</Properties>
							<Item class="Pose" referent="RBX28">
								<Properties>
									<CoordinateFrame name="CFrame">
										<X>-0.000370</X> <Y>-0.000127</Y> <Z>0.000000</Z>
										<R00>0.999897</R00> <R01>-0.001220</R01> <R02>-0.014319</R02>
										<R10>-0.001962</R10> <R11>0.975473</R11> <R12>-0.220112</R12>
										<R20>0.014236</R20> <R21>0.220117</R21> <R22>0.975370</R22>
									</CoordinateFrame>
									<float name="MaskWeight">0</float>
									<string name="Name">LeftLowerArm</string>
									<float name="Weight">1</float>
								</Properties>
								<Item class="Pose" referent="RBX29">
									<Properties>
										<CoordinateFrame name="CFrame">
											<X>0.000000</X> <Y>0.102181</Y> <Z>0.000000</Z>
											<R00>1.000000</R00> <R01>-0.000000</R01> <R02>0.000000</R02>
											<R10>0.000000</R10> <R11>1.000000</R11> <R12>0.000000</R12>
											<R20>0.000000</R20> <R21>0.000000</R21> <R22>1.000000</R22>
										</CoordinateFrame>
										<float name="MaskWeight">0</float>
										<string name="Name">LeftHand</string>
										<float name="Weight">1</float>
									</Properties>
								</Item>
							</Item>
						</Item>
						<Item class="Pose" referent="RBX30">
							<Properties>
								<CoordinateFrame name="CFrame">
									<X>0.000013</X> <Y>-0.000024</Y> <Z>0.000000</Z>
									<R00>0.983819</R00> <R01>-0.177740</R01> <R02>0.022563</R02>
									<R10>0.166383</R10> <R11>0.953068</R11> <R12>0.252939</R12>
									<R20>-0.066462</R20> <R21>-0.245091</R21> <R22>0.967219</R22>
								</CoordinateFrame>
								<float name="MaskWeight">0</float>
								<string name="Name">RightUpperArm</string>
								<float name="Weight">1</float>
							</Properties>
							<Item class="Pose" referent="RBX31">
								<Properties>
									<CoordinateFrame name="CFrame">
										<X>-0.000020</X> <Y>0.000018</Y> <Z>0.000000</Z>
										<R00>0.999970</R00> <R01>-0.007784</R01> <R02>-0.000334</R02>
										<R10>0.007151</R10> <R11>0.934002</R11> <R12>-0.357196</R12>
										<R20>0.003092</R20> <R21>0.357183</R21> <R22>0.934029</R22>
									</CoordinateFrame>
									<float name="MaskWeight">0</float>
									<string name="Name">RightLowerArm</string>
									<float name="Weight">1</float>
								</Properties>
								<Item class="Pose" referent="RBX32">
									<Properties>
										<CoordinateFrame name="CFrame">
											<X>0.000000</X> <Y>0.101975</Y> <Z>-0.000000</Z>
											<R00>1.000000</R00> <R01>-0.000000</R01> <R02>0.000000</R02>
											<R10>0.000000</R10> <R11>1.000000</R11> <R12>0.000000</R12>
											<R20>-0.000000</R20> <R21>-0.000000</R21> <R22>1.000000</R22>
										</CoordinateFrame>
										<float name="MaskWeight">0</float>
										<string name="Name">RightHand</string>
										<float name="Weight">1</float>
									</Properties>
								</Item>
							</Item>
						</Item>
					</Item>
					<Item class="Pose" referent="RBX33">
						<Properties>
							<CoordinateFrame name="CFrame">
								<X>-0.000200</X> <Y>0.000098</Y> <Z>-0.015000</Z>
								<R00>0.998996</R00> <R01>-0.015958</R01> <R02>0.041866</R02>
								<R10>0.020828</R10> <R11>0.992724</R11> <R12>-0.118595</R12>
								<R20>-0.039669</R20> <R21>0.119347</R21> <R22>0.992060</R22>
							</CoordinateFrame>
							<float name="MaskWeight">0</float>
							<string name="Name">LeftUpperLeg</string>
							<float name="Weight">1</float>
						</Properties>
						<Item class="Pose" referent="RBX34">
							<Properties>
								<CoordinateFrame name="CFrame">
									<X>-0.000000</X> <Y>-0.000400</Y> <Z>0.000178</Z>
									<R00>1.000000</R00> <R01>0.000005</R01> <R02>0.000002</R02>
									<R10>-0.000005</R10> <R11>0.917113</R11> <R12>0.398627</R12>
									<R20>-0.000000</R20> <R21>-0.398627</R21> <R22>0.917113</R22>
								</CoordinateFrame>
								<float name="MaskWeight">0</float>
								<string name="Name">LeftLowerLeg</string>
								<float name="Weight">1</float>
							</Properties>
							<Item class="Pose" referent="RBX35">
								<Properties>
									<CoordinateFrame name="CFrame">
										<X>-0.000001</X> <Y>0.000000</Y> <Z>0.075000</Z>
										<R00>0.999761</R00> <R01>-0.021849</R01> <R02>0.000352</R02>
										<R10>0.021002</R10> <R11>0.956299</R11> <R12>-0.291637</R12>
										<R20>0.006035</R20> <R21>0.291575</R21> <R22>0.956529</R22>
									</CoordinateFrame>
									<float name="MaskWeight">0</float>
									<string name="Name">LeftFoot</string>
									<float name="Weight">1</float>
								</Properties>
							</Item>
						</Item>
					</Item>
					<Item class="Pose" referent="RBX36">
						<Properties>
							<CoordinateFrame name="CFrame">
								<X>0.000200</X> <Y>0.000307</Y> <Z>0.015000</Z>
								<R00>0.977426</R00> <R01>-0.161939</R01> <R02>0.135701</R02>
								<R10>0.206986</R10> <R11>0.862770</R11> <R12>-0.461287</R12>
								<R20>-0.042378</R20> <R21>0.478962</R21> <R22>0.876812</R22>
							</CoordinateFrame>
							<float name="MaskWeight">0</float>
							<string name="Name">RightUpperLeg</string>
							<float name="Weight">1</float>
						</Properties>
						<Item class="Pose" referent="RBX37">
							<Properties>
								<CoordinateFrame name="CFrame">
									<X>0.000000</X> <Y>-0.000000</Y> <Z>0.000000</Z>
									<R00>1.000000</R00> <R01>-0.000000</R01> <R02>-0.000000</R02>
									<R10>0.000000</R10> <R11>0.881879</R11> <R12>0.471476</R12>
									<R20>0.000000</R20> <R21>-0.471476</R21> <R22>0.881879</R22>
								</CoordinateFrame>
								<float name="MaskWeight">0</float>
								<string name="Name">RightLowerLeg</string>
								<float name="Weight">1</float>
							</Properties>
							<Item class="Pose" referent="RBX38">
								<Properties>
									<CoordinateFrame name="CFrame">
										<X>0.000000</X> <Y>-0.000006</Y> <Z>0.075000</Z>
										<R00>0.985913</R00> <R01>0.165048</R01> <R02>0.027117</R02>
										<R10>-0.164855</R10> <R11>0.986275</R11> <R12>-0.009239</R12>
										<R20>-0.028270</R20> <R21>0.004638</R21> <R22>0.999590</R22>
									</CoordinateFrame>
									<float name="MaskWeight">0</float>
									<string name="Name">RightFoot</string>
									<float name="Weight">1</float>
								</Properties>
							</Item>
						</Item>
					</Item>
				</Item>
			</Item>
		</Item>
		<Item class="Keyframe" referent="RBX39">
			<Properties>
				<string name="Name">Keyframe</string>
				<float name="Time">0.085317</float>
			</Properties>
			<Item class="Pose" referent="RBX42">
				<Properties>
					<CoordinateFrame name="CFrame">
						<X>0.000000</X> <Y>0.000000</Y> <Z>0.000000</Z>
						<R00>1.000000</R00> <R01>0.000000</R01> <R02>0.000000</R02>
						<R10>0.000000</R10> <R11>1.000000</R11> <R12>0.000000</R12>
						<R20>0.000000</R20> <R21>0.000000</R21> <R22>1.000000</R22>
					</CoordinateFrame>
					<float name="MaskWeight">0</float>
					<string name="Name">HumanoidRootPart</string>
					<float name="Weight">1</float>
				</Properties>
				<Item class="Pose" referent="RBX43">
					<Properties>
						<CoordinateFrame name="CFrame">
							<X>-0.082090</X> <Y>-0.121369</Y> <Z>0.169519</Z>
							<R00>0.998959</R00> <R01>0.027680</R01> <R02>-0.036269</R02>
							<R10>-0.027571</R10> <R11>0.999614</R11> <R12>0.003500</R12>
							<R20>0.036352</R20> <R21>-0.002496</R21> <R22>0.999336</R22>
						</CoordinateFrame>
						<float name="MaskWeight">0</float>
						<string name="Name">LowerTorso</string>
						<float name="Weight">1</float>
					</Properties>
					<Item class="Pose" referent="RBX44">
						<Properties>
							<CoordinateFrame name="CFrame">
								<X>0.000000</X> <Y>0.000000</Y> <Z>0.000000</Z>
								<R00>0.997509</R00> <R01>-0.048465</R01> <R02>0.051263</R02>
								<R10>0.041631</R10> <R11>0.991044</R11> <R12>0.126880</R12>
								<R20>-0.056954</R20> <R21>-0.124430</R21> <R22>0.990593</R22>
							</CoordinateFrame>
							<float name="MaskWeight">0</float>
							<string name="Name">UpperTorso</string>
							<float name="Weight">1</float>
						</Properties>
						<Item class="Pose" referent="RBX45">
							<Properties>
								<CoordinateFrame name="CFrame">
									<X>0.000000</X> <Y>0.000000</Y> <Z>0.042861</Z>
									<R00>0.999953</R00> <R01>0.009584</R01> <R02>0.001559</R02>
									<R10>-0.009362</R10> <R11>0.994222</R11> <R12>-0.106939</R12>
									<R20>-0.002575</R20> <R21>0.106920</R21> <R22>0.994264</R22>
								</CoordinateFrame>
								<float name="MaskWeight">0</float>
								<string name="Name">Head</string>
								<float name="Weight">1</float>
							</Properties>
						</Item>
						<Item class="Pose" referent="RBX46">
							<Properties>
								<CoordinateFrame name="CFrame">
									<X>-0.000144</X> <Y>0.000084</Y> <Z>0.000364</Z>
									<R00>0.957426</R00> <R01>0.276441</R01> <R02>-0.083159</R02>
									<R10>-0.281234</R10> <R11>0.958196</R11> <R12>-0.052619</R12>
									<R20>0.065136</R20> <R21>0.073766</R21> <R22>0.995146</R22>
								</CoordinateFrame>
								<float name="MaskWeight">0</float>
								<string name="Name">LeftUpperArm</string>
								<float name="Weight">1</float>
							</Properties>
							<Item class="Pose" referent="RBX47">
								<Properties>
									<CoordinateFrame name="CFrame">
										<X>-0.000370</X> <Y>-0.000127</Y> <Z>0.000000</Z>
										<R00>0.999887</R00> <R01>-0.001849</R01> <R02>-0.014906</R02>
										<R10>-0.002312</R10> <R11>0.961611</R11> <R12>-0.274408</R12>
										<R20>0.014841</R20> <R21>0.274412</R21> <R22>0.961498</R22>
									</CoordinateFrame>
									<float name="MaskWeight">0</float>
									<string name="Name">LeftLowerArm</string>
									<float name="Weight">1</float>
								</Properties>
								<Item class="Pose" referent="RBX48">
									<Properties>
										<CoordinateFrame name="CFrame">
											<X>-0.000000</X> <Y>0.102181</Y> <Z>0.000000</Z>
											<R00>1.000000</R00> <R01>-0.000000</R01> <R02>0.000000</R02>
											<R10>-0.000000</R10> <R11>1.000000</R11> <R12>-0.000000</R12>
											<R20>-0.000000</R20> <R21>-0.000000</R21> <R22>1.000000</R22>
										</CoordinateFrame>
										<float name="MaskWeight">0</float>
										<string name="Name">LeftHand</string>
										<float name="Weight">1</float>
									</Properties>
								</Item>
							</Item>
						</Item>
						<Item class="Pose" referent="RBX49">
							<Properties>
								<CoordinateFrame name="CFrame">
									<X>0.000013</X> <Y>-0.000024</Y> <Z>-0.000000</Z>
									<R00>0.943241</R00> <R01>-0.331114</R01> <R02>0.025708</R02>
									<R10>0.304877</R10> <R11>0.893994</R11> <R12>0.328369</R12>
									<R20>-0.131710</R20> <R21>-0.301892</R21> <R22>0.944200</R22>
								</CoordinateFrame>
								<float name="MaskWeight">0</float>
								<string name="Name">RightUpperArm</string>
								<float name="Weight">1</float>
							</Properties>
							<Item class="Pose" referent="RBX50">
								<Properties>
									<CoordinateFrame name="CFrame">
										<X>-0.000020</X> <Y>0.000018</Y> <Z>0.000000</Z>
										<R00>0.999941</R00> <R01>-0.010815</R01> <R02>-0.001393</R02>
										<R10>0.009273</R10> <R11>0.910596</R11> <R12>-0.413193</R12>
										<R20>0.005737</R20> <R21>0.413155</R21> <R22>0.910642</R22>
									</CoordinateFrame>
									<float name="MaskWeight">0</float>
									<string name="Name">RightLowerArm</string>
									<float name="Weight">1</float>
								</Properties>
								<Item class="Pose" referent="RBX51">
									<Properties>
										<CoordinateFrame name="CFrame">
											<X>-0.000000</X> <Y>0.101975</Y> <Z>0.000000</Z>
											<R00>1.000000</R00> <R01>0.000000</R01> <R02>-0.000000</R02>
											<R10>0.000000</R10> <R11>1.000000</R11> <R12>0.000000</R12>
											<R20>-0.000000</R20> <R21>0.000000</R21> <R22>1.000000</R22>
										</CoordinateFrame>
										<float name="MaskWeight">0</float>
										<string name="Name">RightHand</string>
										<float name="Weight">1</float>
									</Properties>
								</Item>
							</Item>
						</Item>
					</Item>
					<Item class="Pose" referent="RBX52">
						<Properties>
							<CoordinateFrame name="CFrame">
								<X>-0.000200</X> <Y>0.000098</Y> <Z>-0.015000</Z>
								<R00>0.999872</R00> <R01>-0.002186</R01> <R02>0.015833</R02>
								<R10>0.006318</R10> <R11>0.963992</R11> <R12>-0.265855</R12>
								<R20>-0.014682</R20> <R21>0.265921</R21> <R22>0.963883</R22>
							</CoordinateFrame>
							<float name="MaskWeight">0</float>
							<string name="Name">LeftUpperLeg</string>
							<float name="Weight">1</float>
						</Properties>
						<Item class="Pose" referent="RBX53">
							<Properties>
								<CoordinateFrame name="CFrame">
									<X>-0.000000</X> <Y>-0.000400</Y> <Z>0.000178</Z>
									<R00>1.000000</R00> <R01>0.000006</R01> <R02>0.000004</R02>
									<R10>-0.000008</R10> <R11>0.829424</R11> <R12>0.558620</R12>
									<R20>-0.000000</R20> <R21>-0.558620</R21> <R22>0.829424</R22>
								</CoordinateFrame>
								<float name="MaskWeight">0</float>
								<string name="Name">LeftLowerLeg</string>
								<float name="Weight">1</float>
							</Properties>
							<Item class="Pose" referent="RBX54">
								<Properties>
									<CoordinateFrame name="CFrame">
										<X>-0.000002</X> <Y>-0.000000</Y> <Z>0.075000</Z>
										<R00>0.999772</R00> <R01>-0.021309</R01> <R02>-0.000971</R02>
										<R10>0.019870</R10> <R11>0.946885</R11> <R12>-0.320957</R12>
										<R20>0.007758</R20> <R21>0.320865</R21> <R22>0.947093</R22>
									</CoordinateFrame>
									<float name="MaskWeight">0</float>
									<string name="Name">LeftFoot</string>
									<float name="Weight">1</float>
								</Properties>
							</Item>
						</Item>
					</Item>
					<Item class="Pose" referent="RBX55">
						<Properties>
							<CoordinateFrame name="CFrame">
								<X>0.000200</X> <Y>0.000307</Y> <Z>0.015000</Z>
								<R00>0.981072</R00> <R01>-0.158752</R01> <R02>0.110881</R02>
								<R10>0.193226</R10> <R11>0.840070</R11> <R12>-0.506899</R12>
								<R20>-0.012677</R20> <R21>0.518730</R21> <R22>0.854844</R22>
							</CoordinateFrame>
							<float name="MaskWeight">0</float>
							<string name="Name">RightUpperLeg</string>
							<float name="Weight">1</float>
						</Properties>
						<Item class="Pose" referent="RBX56">
							<Properties>
								<CoordinateFrame name="CFrame">
									<X>0.000000</X> <Y>-0.000000</Y> <Z>0.000000</Z>
									<R00>1.000000</R00> <R01>-0.000000</R01> <R02>0.000000</R02>
									<R10>0.000000</R10> <R11>0.866986</R11> <R12>0.498333</R12>
									<R20>0.000000</R20> <R21>-0.498333</R21> <R22>0.866986</R22>
								</CoordinateFrame>
								<float name="MaskWeight">0</float>
								<string name="Name">RightLowerLeg</string>
								<float name="Weight">1</float>
							</Properties>
							<Item class="Pose" referent="RBX57">
								<Properties>
									<CoordinateFrame name="CFrame">
										<X>0.000000</X> <Y>-0.000007</Y> <Z>0.075000</Z>
										<R00>0.985616</R00> <R01>0.166057</R01> <R02>0.031417</R02>
										<R10>-0.166521</R10> <R11>0.985955</R11> <R12>0.012763</R12>
										<R20>-0.028856</R20> <R21>-0.017811</R21> <R22>0.999425</R22>
									</CoordinateFrame>
									<float name="MaskWeight">0</float>
									<string name="Name">RightFoot</string>
									<float name="Weight">1</float>
								</Properties>
							</Item>
						</Item>
					</Item>
				</Item>
			</Item>
		</Item>
		<Item class="Keyframe" referent="RBX58">
			<Properties>
				<string name="Name">Keyframe</string>
				<float name="Time">0.127976</float>
			</Properties>
			<Item class="Pose" referent="RBX61">
				<Properties>
					<CoordinateFrame name="CFrame">
						<X>0.000000</X> <Y>0.000000</Y> <Z>0.000000</Z>
						<R00>1.000000</R00> <R01>0.000000</R01> <R02>0.000000</R02>
						<R10>0.000000</R10> <R11>1.000000</R11> <R12>0.000000</R12>
						<R20>0.000000</R20> <R21>0.000000</R21> <R22>1.000000</R22>
					</CoordinateFrame>
					<float name="MaskWeight">0</float>
					<string name="Name">HumanoidRootPart</string>
					<float name="Weight">1</float>
				</Properties>
				<Item class="Pose" referent="RBX62">
					<Properties>
						<CoordinateFrame name="CFrame">
							<X>-0.083717</X> <Y>-0.148612</Y> <Z>0.238300</Z>
							<R00>0.999883</R00> <R01>0.011124</R01> <R02>-0.010487</R02>
							<R10>-0.011113</R10> <R11>0.999938</R11> <R12>0.001123</R12>
							<R20>0.010498</R20> <R21>-0.001006</R21> <R22>0.999944</R22>
						</CoordinateFrame>
						<float name="MaskWeight">0</float>
						<string name="Name">LowerTorso</string>
						<float name="Weight">1</float>
					</Properties>
					<Item class="Pose" referent="RBX63">
						<Properties>
							<CoordinateFrame name="CFrame">
								<X>0.000000</X> <Y>0.000000</Y> <Z>0.000000</Z>
								<R00>0.998703</R00> <R01>-0.019190</R01> <R02>0.047157</R02>
								<R10>0.009236</R10> <R11>0.979166</R11> <R12>0.202854</R12>
								<R20>-0.050067</R20> <R21>-0.202155</R21> <R22>0.978073</R22>
							</CoordinateFrame>
							<float name="MaskWeight">0</float>
							<string name="Name">UpperTorso</string>
							<float name="Weight">1</float>
						</Properties>
						<Item class="Pose" referent="RBX64">
							<Properties>
								<CoordinateFrame name="CFrame">
									<X>-0.000000</X> <Y>0.000000</Y> <Z>0.042861</Z>
									<R00>0.999893</R00> <R01>-0.014596</R01> <R02>0.000390</R02>
									<R10>0.014472</R10> <R11>0.987157</R11> <R12>-0.159094</R12>
									<R20>0.001937</R20> <R21>0.159082</R21> <R22>0.987263</R22>
								</CoordinateFrame>
								<float name="MaskWeight">0</float>
								<string name="Name">Head</string>
								<float name="Weight">1</float>
							</Properties>
						</Item>
						<Item class="Pose" referent="RBX65">
							<Properties>
								<CoordinateFrame name="CFrame">
									<X>-0.000144</X> <Y>0.000084</Y> <Z>0.000365</Z>
									<R00>0.934910</R00> <R01>0.332438</R01> <R02>-0.124208</R02>
									<R10>-0.346642</R10> <R11>0.930430</R11> <R12>-0.118906</R12>
									<R20>0.076038</R20> <R21>0.154222</R21> <R22>0.985106</R22>
								</CoordinateFrame>
								<float name="MaskWeight">0</float>
								<string name="Name">LeftUpperArm</string>
								<float name="Weight">1</float>
							</Properties>
							<Item class="Pose" referent="RBX66">
								<Properties>
									<CoordinateFrame name="CFrame">
										<X>-0.000370</X> <Y>-0.000127</Y> <Z>-0.000000</Z>
										<R00>0.999861</R00> <R01>-0.002689</R01> <R02>-0.016473</R02>
										<R10>-0.003172</R10> <R11>0.938333</R11> <R12>-0.345720</R12>
										<R20>0.016387</R20> <R21>0.345724</R21> <R22>0.938193</R22>
									</CoordinateFrame>
									<float name="MaskWeight">0</float>
									<string name="Name">LeftLowerArm</string>
									<float name="Weight">1</float>
								</Properties>
								<Item class="Pose" referent="RBX67">
									<Properties>
										<CoordinateFrame name="CFrame">
											<X>-0.000000</X> <Y>0.102181</Y> <Z>-0.000000</Z>
											<R00>1.000000</R00> <R01>-0.000000</R01> <R02>0.000000</R02>
											<R10>0.000000</R10> <R11>1.000000</R11> <R12>-0.000000</R12>
											<R20>0.000000</R20> <R21>-0.000000</R21> <R22>1.000000</R22>
										</CoordinateFrame>
										<float name="MaskWeight">0</float>
										<string name="Name">LeftHand</string>
										<float name="Weight">1</float>
									</Properties>
								</Item>
							</Item>
						</Item>
						<Item class="Pose" referent="RBX68">
							<Properties>
								<CoordinateFrame name="CFrame">
									<X>0.000013</X> <Y>-0.000024</Y> <Z>-0.000000</Z>
									<R00>0.877614</R00> <R01>-0.479212</R01> <R02>0.012207</R02>
									<R10>0.437385</R10> <R11>0.810915</R11> <R12>0.388731</R12>
									<R20>-0.196183</R20> <R21>-0.335816</R21> <R22>0.921271</R22>
								</CoordinateFrame>
								<float name="MaskWeight">0</float>
								<string name="Name">RightUpperArm</string>
								<float name="Weight">1</float>
							</Properties>
							<Item class="Pose" referent="RBX69">
								<Properties>
									<CoordinateFrame name="CFrame">
										<X>-0.000020</X> <Y>0.000018</Y> <Z>0.000000</Z>
										<R00>0.999907</R00> <R01>-0.013586</R01> <R02>-0.001566</R02>
										<R10>0.011091</R10> <R11>0.872592</R11> <R12>-0.488324</R12>
										<R20>0.008000</R20> <R21>0.488261</R21> <R22>0.872661</R22>
									</CoordinateFrame>
									<float name="MaskWeight">0</float>
									<string name="Name">RightLowerArm</string>
									<float name="Weight">1</float>
								</Properties>
								<Item class="Pose" referent="RBX70">
									<Properties>
										<CoordinateFrame name="CFrame">
											<X>0.000000</X> <Y>0.101975</Y> <Z>0.000000</Z>
											<R00>1.000000</R00> <R01>0.000000</R01> <R02>-0.000000</R02>
											<R10>0.000000</R10> <R11>1.000000</R11> <R12>0.000000</R12>
											<R20>-0.000000</R20> <R21>0.000000</R21> <R22>1.000000</R22>
										</CoordinateFrame>
										<float name="MaskWeight">0</float>
										<string name="Name">RightHand</string>
										<float name="Weight">1</float>
									</Properties>
								</Item>
							</Item>
						</Item>
					</Item>
					<Item class="Pose" referent="RBX71">
						<Properties>
							<CoordinateFrame name="CFrame">
								<X>-0.000200</X> <Y>0.000098</Y> <Z>-0.015000</Z>
								<R00>0.999853</R00> <R01>0.009383</R01> <R02>-0.014356</R02>
								<R10>-0.014193</R10> <R11>0.922611</R11> <R12>-0.385471</R12>
								<R20>0.009628</R20> <R21>0.385618</R21> <R22>0.922608</R22>
							</CoordinateFrame>
							<float name="MaskWeight">0</float>
							<string name="Name">LeftUpperLeg</string>
							<float name="Weight">1</float>
						</Properties>
						<Item class="Pose" referent="RBX72">
							<Properties>
								<CoordinateFrame name="CFrame">
									<X>-0.000000</X> <Y>-0.000400</Y> <Z>0.000178</Z>
									<R00>1.000000</R00> <R01>0.000007</R01> <R02>0.000007</R02>
									<R10>-0.000009</R10> <R11>0.743839</R11> <R12>0.668359</R12>
									<R20>-0.000000</R20> <R21>-0.668359</R21> <R22>0.743839</R22>
								</CoordinateFrame>
								<float name="MaskWeight">0</float>
								<string name="Name">LeftLowerLeg</string>
								<float name="Weight">1</float>
							</Properties>
							<Item class="Pose" referent="RBX73">
								<Properties>
									<CoordinateFrame name="CFrame">
										<X>-0.000001</X> <Y>0.000000</Y> <Z>0.075000</Z>
										<R00>0.999677</R00> <R01>-0.025302</R01> <R02>-0.002494</R02>
										<R10>0.023049</R10> <R11>0.943294</R11> <R12>-0.331159</R12>
										<R20>0.010732</R20> <R21>0.330994</R21> <R22>0.943572</R22>
									</CoordinateFrame>
									<float name="MaskWeight">0</float>
									<string name="Name">LeftFoot</string>
									<float name="Weight">1</float>
								</Properties>
							</Item>
						</Item>
					</Item>
					<Item class="Pose" referent="RBX74">
						<Properties>
							<CoordinateFrame name="CFrame">
								<X>0.000200</X> <Y>0.000307</Y> <Z>0.015000</Z>
								<R00>0.984601</R00> <R01>-0.153293</R01> <R02>0.084042</R02>
								<R10>0.174098</R10> <R11>0.816202</R11> <R12>-0.550913</R12>
								<R20>0.015855</R20> <R21>0.557060</R21> <R22>0.830321</R22>
							</CoordinateFrame>
							<float name="MaskWeight">0</float>
							<string name="Name">RightUpperLeg</string>
							<float name="Weight">1</float>
						</Properties>
						<Item class="Pose" referent="RBX75">
							<Properties>
								<CoordinateFrame name="CFrame">
									<X>-0.000000</X> <Y>-0.000000</Y> <Z>0.000000</Z>
									<R00>1.000000</R00> <R01>0.000000</R01> <R02>0.000000</R02>
									<R10>0.000000</R10> <R11>0.851600</R11> <R12>0.524192</R12>
									<R20>0.000000</R20> <R21>-0.524192</R21> <R22>0.851600</R22>
								</CoordinateFrame>
								<float name="MaskWeight">0</float>
								<string name="Name">RightLowerLeg</string>
								<float name="Weight">1</float>
							</Properties>
							<Item class="Pose" referent="RBX76">
								<Properties>
									<CoordinateFrame name="CFrame">
										<X>-0.000000</X> <Y>-0.000006</Y> <Z>0.075000</Z>
										<R00>0.985983</R00> <R01>0.163149</R01> <R02>0.034914</R02>
										<R10>-0.164350</R10> <R11>0.985786</R11> <R12>0.034848</R12>
										<R20>-0.028732</R20> <R21>-0.040097</R21> <R22>0.998783</R22>
									</CoordinateFrame>
									<float name="MaskWeight">0</float>
									<string name="Name">RightFoot</string>
									<float name="Weight">1</float>
								</Properties>
							</Item>
						</Item>
					</Item>
				</Item>
			</Item>
		</Item>
		<Item class="Keyframe" referent="RBX77">
			<Properties>
				<string name="Name">Keyframe</string>
				<float name="Time">0.170635</float>
			</Properties>
			<Item class="Pose" referent="RBX80">
				<Properties>
					<CoordinateFrame name="CFrame">
						<X>0.000000</X> <Y>0.000000</Y> <Z>0.000000</Z>
						<R00>1.000000</R00> <R01>0.000000</R01> <R02>0.000000</R02>
						<R10>0.000000</R10> <R11>1.000000</R11> <R12>0.000000</R12>
						<R20>0.000000</R20> <R21>0.000000</R21> <R22>1.000000</R22>
					</CoordinateFrame>
					<float name="MaskWeight">0</float>
					<string name="Name">HumanoidRootPart</string>
					<float name="Weight">1</float>
				</Properties>
				<Item class="Pose" referent="RBX81">
					<Properties>
						<CoordinateFrame name="CFrame">
							<X>-0.069068</X> <Y>-0.165306</Y> <Z>0.265960</Z>
							<R00>1.000000</R00> <R01>0.000000</R01> <R02>0.000000</R02>
							<R10>0.000000</R10> <R11>1.000000</R11> <R12>0.000000</R12>
							<R20>0.000000</R20> <R21>0.000000</R21> <R22>1.000000</R22>
						</CoordinateFrame>
						<float name="MaskWeight">0</float>
						<string name="Name">LowerTorso</string>
						<float name="Weight">1</float>
					</Properties>
					<Item class="Pose" referent="RBX82">
						<Properties>
							<CoordinateFrame name="CFrame">
								<X>0.000000</X> <Y>0.000000</Y> <Z>0.000000</Z>
								<R00>0.999241</R00> <R01>0.007175</R01> <R02>0.038278</R02>
								<R10>-0.016033</R10> <R11>0.971511</R11> <R12>0.236449</R12>
								<R20>-0.035491</R20> <R21>-0.236884</R21> <R22>0.970890</R22>
							</CoordinateFrame>
							<float name="MaskWeight">0</float>
							<string name="Name">UpperTorso</string>
							<float name="Weight">1</float>
						</Properties>
						<Item class="Pose" referent="RBX83">
							<Properties>
								<CoordinateFrame name="CFrame">
									<X>-0.000000</X> <Y>0.000000</Y> <Z>0.042861</Z>
									<R00>0.999517</R00> <R01>-0.030749</R01> <R02>0.004588</R02>
									<R10>0.031083</R10> <R11>0.985342</R11> <R12>-0.167736</R12>
									<R20>0.000637</R20> <R21>0.167798</R21> <R22>0.985821</R22>
								</CoordinateFrame>
								<float name="MaskWeight">0</float>
								<string name="Name">Head</string>
								<float name="Weight">1</float>
							</Properties>
						</Item>
						<Item class="Pose" referent="RBX84">
							<Properties>
								<CoordinateFrame name="CFrame">
									<X>-0.000145</X> <Y>0.000084</Y> <Z>0.000365</Z>
									<R00>0.908093</R00> <R01>0.383280</R01> <R02>-0.168714</R02>
									<R10>-0.409749</R10> <R11>0.896401</R11> <R12>-0.169030</R12>
									<R20>0.086450</R20> <R21>0.222626</R21> <R22>0.971063</R22>
								</CoordinateFrame>
								<float name="MaskWeight">0</float>
								<string name="Name">LeftUpperArm</string>
