<roblox xmlns:xmime="http://www.w3.org/2005/05/xmlmime" xmlns:xsi="http://www.w3.org/2001/XMLSchema-instance" xsi:noNamespaceSchemaLocation="http://www.mulrbx.com/roblox.xsd" version="4" assettype="animation">
   <External>null</External>
   <External>nil</External>
   <Item class="KeyframeSequence" referent="RBX0">
		<Properties>
			<bool name="Loop">true</bool>
			<string name="Name">Test</string>
			<token name="Priority">1000</token>
		</Properties>
		<Item class="Keyframe" referent="RBX1">
			<Properties>
				<string name="Name">Keyframe</string>
				<float name="Time">0.000000</float>
			</Properties>
			<Item class="Pose" referent="RBX4">
				<Properties>
					<CoordinateFrame name="CFrame">
						<X>0.000000</X> <Y>0.000000</Y> <Z>0.000000</Z>
						<R00>1.000000</R00> <R01>0.000000</R01> <R02>0.000000</R02>
						<R10>0.000000</R10> <R11>1.000000</R11> <R12>0.000000</R12>
						<R20>0.000000</R20> <R21>0.000000</R21> <R22>1.000000</R22>
					</CoordinateFrame>
					<float name="MaskWeight">0</float>
					<string name="Name">HumanoidRootPart</string>
					<float name="Weight">1</float>
				</Properties>
				<Item class="Pose" referent="RBX5">
					<Properties>
						<CoordinateFrame name="CFrame">
							<X>-0.069068</X> <Y>-0.084727</Y> <Z>0.066980</Z>
							<R00>0.996421</R00> <R01>-0.039998</R01> <R02>-0.074467</R02>
							<R10>0.040713</R10> <R11>0.999138</R11> <R12>0.008102</R12>
							<R20>0.074079</R20> <R21>-0.011105</R21> <R22>0.997191</R22>
						</CoordinateFrame>
						<float name="MaskWeight">0</float>
						<string name="Name">LowerTorso</string>
						<float name="Weight">1</float>
					</Properties>
					<Item class="Pose" referent="RBX6">
						<Properties>
							<CoordinateFrame name="CFrame">
								<X>0.000000</X> <Y>0.000000</Y> <Z>0.000000</Z>
								<R00>0.998274</R00> <R01>0.008977</R01> <R02>0.058035</R02>
								<R10>-0.009851</R10> <R11>0.999842</R11> <R12>0.014790</R12>
								<R20>-0.057893</R20> <R21>-0.015337</R21> <R22>0.998205</R22>
							</CoordinateFrame>
							<float name="MaskWeight">0</float>
							<string name="Name">UpperTorso</string>
							<float name="Weight">1</float>
						</Properties>
						<Item class="Pose" referent="RBX7">
							<Properties>
								<CoordinateFrame name="CFrame">
									<X>0.000000</X> <Y>0.000000</Y> <Z>0.042861</Z>
									<R00>0.999133</R00> <R01>0.040241</R01> <R02>0.010642</R02>
									<R10>-0.040016</R10> <R11>0.998988</R11> <R12>-0.020556</R12>
									<R20>-0.011459</R20> <R21>0.020112</R21> <R22>0.999732</R22>
								</CoordinateFrame>
								<float name="MaskWeight">0</float>
								<string name="Name">Head</string>
								<float name="Weight">1</float>
							</Properties>
						</Item>
						<Item class="Pose" referent="RBX8">
							<Properties>
								<CoordinateFrame name="CFrame">
									<X>-0.000145</X> <Y>0.000084</Y> <Z>0.000000</Z>
									<R00>0.976800</R00> <R01>0.208832</R01> <R02>-0.047442</R02>
									<R10>-0.207476</R10> <R11>0.977718</R11> <R12>0.031953</R12>
									<R20>0.053058</R20> <R21>-0.021369</R21> <R22>0.998363</R22>
								</CoordinateFrame>
								<float name="MaskWeight">0</float>
								<string name="Name">LeftUpperArm</string>
								<float name="Weight">1</float>
							</Properties>
							<Item class="Pose" referent="RBX9">
								<Properties>
									<CoordinateFrame name="CFrame">
										<X>-0.000370</X> <Y>-0.000127</Y> <Z>0.000000</Z>
										<R00>0.999898</R00> <R01>-0.000949</R01> <R02>-0.014227</R02>
										<R10>-0.001895</R10> <R11>0.980083</R11> <R12>-0.198578</R12>
										<R20>0.014132</R20> <R21>0.198584</R21> <R22>0.979982</R22>
									</CoordinateFrame>
									<float name="MaskWeight">0</float>
									<string name="Name">LeftLowerArm</string>
									<float name="Weight">1</float>
								</Properties>
								<Item class="Pose" referent="RBX10">
									<Properties>
										<CoordinateFrame name="CFrame">
											<X>0.000000</X> <Y>0.000206</Y> <Z>0.000000</Z>
											<R00>1.000000</R00> <R01>-0.000000</R01> <R02>0.000000</R02>
											<R10>0.000000</R10> <R11>1.000000</R11> <R12>0.000000</R12>
											<R20>0.000000</R20> <R21>0.000000</R21> <R22>1.000000</R22>
										</CoordinateFrame>
										<float name="MaskWeight">0</float>
										<string name="Name">LeftHand</string>
										<float name="Weight">1</float>
									</Properties>
								</Item>
							</Item>
						</Item>
						<Item class="Pose" referent="RBX11">
							<Properties>
								<CoordinateFrame name="CFrame">
									<X>0.000013</X> <Y>-0.000024</Y> <Z>-0.000000</Z>
									<R00>0.994127</R00> <R01>-0.107360</R01> <R02>0.013617</R02>
									<R10>0.101856</R10> <R11>0.970745</R11> <R12>0.217440</R12>
									<R20>-0.036563</R20> <R21>-0.214776</R21> <R22>0.975979</R22>
								</CoordinateFrame>
								<float name="MaskWeight">0</float>
								<string name="Name">RightUpperArm</string>
								<float name="Weight">1</float>
							</Properties>
							<Item class="Pose" referent="RBX12">
								<Properties>
									<CoordinateFrame name="CFrame">
										<X>-0.000020</X> <Y>0.000018</Y> <Z>0.000000</Z>
										<R00>0.999542</R00> <R01>-0.006387</R01> <R02>-0.029586</R02>
										<R10>-0.003906</R10> <R11>0.942081</R11> <R12>-0.335363</R12>
										<R20>0.030014</R20> <R21>0.335325</R21> <R22>0.941624</R22>
									</CoordinateFrame>
									<float name="MaskWeight">0</float>
									<string name="Name">RightLowerArm</string>
									<float name="Weight">1</float>
								</Properties>
								<Item class="Pose" referent="RBX13">
									<Properties>
										<CoordinateFrame name="CFrame">
											<X>0.000000</X> <Y>-0.000000</Y> <Z>0.000000</Z>
											<R00>1.000000</R00> <R01>-0.000000</R01> <R02>-0.000000</R02>
											<R10>0.000000</R10> <R11>1.000000</R11> <R12>0.000000</R12>
											<R20>0.000000</R20> <R21>0.000000</R21> <R22>1.000000</R22>
										</CoordinateFrame>
										<float name="MaskWeight">0</float>
										<string name="Name">RightHand</string>
										<float name="Weight">1</float>
									</Properties>
								</Item>
							</Item>
						</Item>
					</Item>
					<Item class="Pose" referent="RBX14">
						<Properties>
							<CoordinateFrame name="CFrame">
								<X>-0.000200</X> <Y>0.000098</Y> <Z>-0.015000</Z>
								<R00>0.995011</R00> <R01>0.093590</R01> <R02>0.034566</R02>
								<R10>-0.084787</R10> <R11>0.975821</R11> <R12>-0.201456</R12>
								<R20>-0.052585</R20> <R21>0.197520</R21> <R22>0.978888</R22>
							</CoordinateFrame>
							<float name="MaskWeight">0</float>
							<string name="Name">LeftUpperLeg</string>
							<float name="Weight">1</float>
						</Properties>
						<Item class="Pose" referent="RBX15">
							<Properties>
								<CoordinateFrame name="CFrame">
									<X>-0.000000</X> <Y>-0.000400</Y> <Z>0.000178</Z>
									<R00>1.000000</R00> <R01>0.000006</R01> <R02>0.000004</R02>
									<R10>-0.000008</R10> <R11>0.829314</R11> <R12>0.558783</R12>
									<R20>-0.000000</R20> <R21>-0.558783</R21> <R22>0.829314</R22>
								</CoordinateFrame>
								<float name="MaskWeight">0</float>
								<string name="Name">LeftLowerLeg</string>
								<float name="Weight">1</float>
							</Properties>
							<Item class="Pose" referent="RBX16">
								<Properties>
									<CoordinateFrame name="CFrame">
										<X>-0.000001</X> <Y>0.000000</Y> <Z>0.075000</Z>
										<R00>0.999318</R00> <R01>0.036913</R01> <R02>-0.000725</R02>
										<R10>-0.035073</R10> <R11>0.942989</R11> <R12>-0.330970</R12>
										<R20>-0.011534</R20> <R21>0.330770</R21> <R22>0.943641</R22>
									</CoordinateFrame>
									<float name="MaskWeight">0</float>
									<string name="Name">LeftFoot</string>
									<float name="Weight">1</float>
								</Properties>
							</Item>
						</Item>
					</Item>
					<Item class="Pose" referent="RBX17">
						<Properties>
							<CoordinateFrame name="CFrame">
								<X>0.000200</X> <Y>0.000293</Y> <Z>-0.015000</Z>
								<R00>0.992779</R00> <R01>-0.067392</R01> <R02>0.099233</R02>
								<R10>0.102124</R10> <R11>0.908824</R11> <R12>-0.404487</R12>
								<R20>-0.062926</R20> <R21>0.411700</R21> <R22>0.909144</R22>
							</CoordinateFrame>
							<float name="MaskWeight">0</float>
							<string name="Name">RightUpperLeg</string>
							<float name="Weight">1</float>
						</Properties>
						<Item class="Pose" referent="RBX18">
							<Properties>
								<CoordinateFrame name="CFrame">
									<X>0.000000</X> <Y>0.000000</Y> <Z>0.000000</Z>
									<R00>1.000000</R00> <R01>0.000000</R01> <R02>-0.000000</R02>
									<R10>0.000000</R10> <R11>0.914620</R11> <R12>0.404313</R12>
									<R20>0.000000</R20> <R21>-0.404313</R21> <R22>0.914620</R22>
								</CoordinateFrame>
								<float name="MaskWeight">0</float>
								<string name="Name">RightLowerLeg</string>
								<float name="Weight">1</float>
							</Properties>
							<Item class="Pose" referent="RBX19">
								<Properties>
									<CoordinateFrame name="CFrame">
										<X>-0.000000</X> <Y>-0.000006</Y> <Z>0.075000</Z>
										<R00>0.998654</R00> <R01>0.041034</R01> <R02>0.031721</R02>
										<R10>-0.038528</R10> <R11>0.996368</R11> <R12>-0.075933</R12>
										<R20>-0.034722</R20> <R21>0.074609</R21> <R22>0.996608</R22>
									</CoordinateFrame>
									<float name="MaskWeight">0</float>
									<string name="Name">RightFoot</string>
									<float name="Weight">1</float>
								</Properties>
							</Item>
						</Item>
					</Item>
				</Item>
			</Item>
		</Item>
		<Item class="Keyframe" referent="RBX20">
			<Properties>
				<string name="Name">Keyframe</string>
				<float name="Time">0.042535</float>
			</Properties>
			<Item class="Pose" referent="RBX23">
				<Properties>
					<CoordinateFrame name="CFrame">
						<X>0.000000</X> <Y>0.000000</Y> <Z>0.000000</Z>
						<R00>1.000000</R00> <R01>0.000000</R01> <R02>0.000000</R02>
						<R10>0.000000</R10> <R11>1.000000</R11> <R12>0.000000</R12>
						<R20>0.000000</R20> <R21>0.000000</R21> <R22>1.000000</R22>
					</CoordinateFrame>
					<float name="MaskWeight">0</float>
					<string name="Name">HumanoidRootPart</string>
					<float name="Weight">1</float>
				</Properties>
				<Item class="Pose" referent="RBX24">
					<Properties>
						<CoordinateFrame name="CFrame">
							<X>-0.069068</X> <Y>-0.083474</Y> <Z>0.067068</Z>
							<R00>0.996421</R00> <R01>-0.039998</R01> <R02>-0.074467</R02>
							<R10>0.040713</R10> <R11>0.999138</R11> <R12>0.008102</R12>
							<R20>0.074079</R20> <R21>-0.011105</R21> <R22>0.997191</R22>
						</CoordinateFrame>
						<float name="MaskWeight">0</float>
						<string name="Name">LowerTorso</string>
						<float name="Weight">1</float>
					</Properties>
					<Item class="Pose" referent="RBX25">
						<Properties>
							<CoordinateFrame name="CFrame">
								<X>0.000000</X> <Y>0.000000</Y> <Z>-0.000000</Z>
								<R00>0.998266</R00> <R01>0.009104</R01> <R02>0.058164</R02>
								<R10>-0.009892</R10> <R11>0.999863</R11> <R12>0.013276</R12>
								<R20>-0.058035</R20> <R21>-0.013828</R21> <R22>0.998219</R22>
							</CoordinateFrame>
							<float name="MaskWeight">0</float>
							<string name="Name">UpperTorso</string>
							<float name="Weight">1</float>
						</Properties>
						<Item class="Pose" referent="RBX26">
							<Properties>
								<CoordinateFrame name="CFrame">
									<X>0.000000</X> <Y>0.000000</Y> <Z>0.042861</Z>
									<R00>0.999133</R00> <R01>0.040238</R01> <R02>0.010652</R02>
									<R10>-0.040016</R10> <R11>0.998992</R11> <R12>-0.020319</R12>
									<R20>-0.011459</R20> <R21>0.019875</R21> <R22>0.999737</R22>
								</CoordinateFrame>
								<float name="MaskWeight">0</float>
								<string name="Name">Head</string>
								<float name="Weight">1</float>
							</Properties>
						</Item>
						<Item class="Pose" referent="RBX27">
							<Properties>
								<CoordinateFrame name="CFrame">
									<X>-0.000145</X> <Y>0.000084</Y> <Z>-0.000000</Z>
									<R00>0.976647</R00> <R01>0.210502</R01> <R02>-0.043003</R02>
									<R10>-0.209002</R10> <R11>0.977220</R11> <R12>0.036866</R12>
									<R20>0.049784</R20> <R21>-0.027017</R21> <R22>0.998395</R22>
								</CoordinateFrame>
								<float name="MaskWeight">0</float>
								<string name="Name">LeftUpperArm</string>
								<float name="Weight">1</float>
							</Properties>
							<Item class="Pose" referent="RBX28">
								<Properties>
									<CoordinateFrame name="CFrame">
										<X>-0.000370</X> <Y>-0.000127</Y> <Z>-0.000000</Z>
										<R00>0.999898</R00> <R01>-0.001051</R01> <R02>-0.014220</R02>
										<R10>-0.001895</R10> <R11>0.978641</R11> <R12>-0.205569</R12>
										<R20>0.014132</R20> <R21>0.205575</R21> <R22>0.978539</R22>
									</CoordinateFrame>
									<float name="MaskWeight">0</float>
									<string name="Name">LeftLowerArm</string>
									<float name="Weight">1</float>
								</Properties>
								<Item class="Pose" referent="RBX29">
									<Properties>
										<CoordinateFrame name="CFrame">
											<X>0.000000</X> <Y>0.000206</Y> <Z>0.000000</Z>
											<R00>1.000000</R00> <R01>-0.000000</R01> <R02>0.000000</R02>
											<R10>-0.000000</R10> <R11>1.000000</R11> <R12>0.000000</R12>
											<R20>0.000000</R20> <R21>0.000000</R21> <R22>1.000000</R22>
										</CoordinateFrame>
										<float name="MaskWeight">0</float>
										<string name="Name">LeftHand</string>
										<float name="Weight">1</float>
									</Properties>
								</Item>
							</Item>
						</Item>
						<Item class="Pose" referent="RBX30">
							<Properties>
								<CoordinateFrame name="CFrame">
									<X>0.000013</X> <Y>-0.000023</Y> <Z>-0.000000</Z>
									<R00>0.993617</R00> <R01>-0.112161</R01> <R02>0.012026</R02>
									<R10>0.106826</R10> <R11>0.969847</R11> <R12>0.219056</R12>
									<R20>-0.036233</R20> <R21>-0.216373</R21> <R22>0.975638</R22>
								</CoordinateFrame>
								<float name="MaskWeight">0</float>
								<string name="Name">RightUpperArm</string>
								<float name="Weight">1</float>
							</Properties>
							<Item class="Pose" referent="RBX31">
								<Properties>
									<CoordinateFrame name="CFrame">
										<X>-0.000020</X> <Y>0.000018</Y> <Z>-0.000000</Z>
										<R00>0.999542</R00> <R01>-0.006688</R01> <R02>-0.029519</R02>
										<R10>-0.003906</R10> <R11>0.938624</R11> <R12>-0.344920</R12>
										<R20>0.030014</R20> <R21>0.344877</R21> <R22>0.938168</R22>
									</CoordinateFrame>
									<float name="MaskWeight">0</float>
									<string name="Name">RightLowerArm</string>
									<float name="Weight">1</float>
								</Properties>
								<Item class="Pose" referent="RBX32">
									<Properties>
										<CoordinateFrame name="CFrame">
											<X>0.000000</X> <Y>-0.000000</Y> <Z>-0.000000</Z>
											<R00>1.000000</R00> <R01>-0.000000</R01> <R02>0.000000</R02>
											<R10>-0.000000</R10> <R11>1.000000</R11> <R12>0.000000</R12>
											<R20>0.000000</R20> <R21>-0.000000</R21> <R22>1.000000</R22>
										</CoordinateFrame>
										<float name="MaskWeight">0</float>
										<string name="Name">RightHand</string>
										<float name="Weight">1</float>
									</Properties>
								</Item>
							</Item>
						</Item>
					</Item>
					<Item class="Pose" referent="RBX33">
						<Properties>
							<CoordinateFrame name="CFrame">
								<X>-0.000200</X> <Y>0.000098</Y> <Z>-0.015000</Z>
								<R00>0.995016</R00> <R01>0.093464</R01> <R02>0.034755</R02>
								<R10>-0.084747</R10> <R11>0.976289</R11> <R12>-0.199191</R12>
								<R20>-0.052548</R20> <R21>0.195253</R21> <R22>0.979344</R22>
							</CoordinateFrame>
							<float name="MaskWeight">0</float>
							<string name="Name">LeftUpperLeg</string>
							<float name="Weight">1</float>
						</Properties>
						<Item class="Pose" referent="RBX34">
							<Properties>
								<CoordinateFrame name="CFrame">
									<X>-0.000000</X> <Y>-0.000400</Y> <Z>0.000178</Z>
									<R00>1.000000</R00> <R01>0.000006</R01> <R02>0.000004</R02>
									<R10>-0.000008</R10> <R11>0.831725</R11> <R12>0.555188</R12>
									<R20>-0.000000</R20> <R21>-0.555188</R21> <R22>0.831725</R22>
								</CoordinateFrame>
								<float name="MaskWeight">0</float>
								<string name="Name">LeftLowerLeg</string>
								<float name="Weight">1</float>
							</Properties>
							<Item class="Pose" referent="RBX35">
								<Properties>
									<CoordinateFrame name="CFrame">
										<X>-0.000001</X> <Y>0.000000</Y> <Z>0.075000</Z>
										<R00>0.999318</R00> <R01>0.036913</R01> <R02>-0.000725</R02>
										<R10>-0.035073</R10> <R11>0.942989</R11> <R12>-0.330970</R12>
										<R20>-0.011534</R20> <R21>0.330770</R21> <R22>0.943641</R22>
									</CoordinateFrame>
									<float name="MaskWeight">0</float>
									<string name="Name">LeftFoot</string>
									<float name="Weight">1</float>
								</Properties>
							</Item>
						</Item>
					</Item>
					<Item class="Pose" referent="RBX36">
						<Properties>
							<CoordinateFrame name="CFrame">
								<X>0.000200</X> <Y>0.000293</Y> <Z>-0.015000</Z>
								<R00>0.992775</R00> <R01>-0.067587</R01> <R02>0.099146</R02>
								<R10>0.102045</R10> <R11>0.910246</R11> <R12>-0.401296</R12>
								<R20>-0.063125</R20> <R21>0.408514</R21> <R22>0.910567</R22>
							</CoordinateFrame>
							<float name="MaskWeight">0</float>
							<string name="Name">RightUpperLeg</string>
							<float name="Weight">1</float>
						</Properties>
						<Item class="Pose" referent="RBX37">
							<Properties>
								<CoordinateFrame name="CFrame">
									<X>0.000000</X> <Y>0.000000</Y> <Z>0.000000</Z>
									<R00>1.000000</R00> <R01>-0.000000</R01> <R02>-0.000000</R02>
									<R10>-0.000000</R10> <R11>0.917025</R11> <R12>0.398831</R12>
									<R20>-0.000000</R20> <R21>-0.398831</R21> <R22>0.917025</R22>
								</CoordinateFrame>
								<float name="MaskWeight">0</float>
								<string name="Name">RightLowerLeg</string>
								<float name="Weight">1</float>
							</Properties>
							<Item class="Pose" referent="RBX38">
								<Properties>
									<CoordinateFrame name="CFrame">
										<X>0.000000</X> <Y>-0.000006</Y> <Z>0.075000</Z>
										<R00>0.998654</R00> <R01>0.041034</R01> <R02>0.031721</R02>
										<R10>-0.038528</R10> <R11>0.996368</R11> <R12>-0.075933</R12>
										<R20>-0.034722</R20> <R21>0.074609</R21> <R22>0.996608</R22>
									</CoordinateFrame>
									<float name="MaskWeight">0</float>
									<string name="Name">RightFoot</string>
									<float name="Weight">1</float>
								</Properties>
							</Item>
						</Item>
					</Item>
				</Item>
			</Item>
		</Item>
		<Item class="Keyframe" referent="RBX39">
			<Properties>
				<string name="Name">Keyframe</string>
				<float name="Time">0.085069</float>
			</Properties>
			<Item class="Pose" referent="RBX42">
				<Properties>
					<CoordinateFrame name="CFrame">
						<X>0.000000</X> <Y>0.000000</Y> <Z>0.000000</Z>
						<R00>1.000000</R00> <R01>0.000000</R01> <R02>0.000000</R02>
						<R10>0.000000</R10> <R11>1.000000</R11> <R12>0.000000</R12>
						<R20>0.000000</R20> <R21>0.000000</R21> <R22>1.000000</R22>
					</CoordinateFrame>
					<float name="MaskWeight">0</float>
					<string name="Name">HumanoidRootPart</string>
					<float name="Weight">1</float>
				</Properties>
				<Item class="Pose" referent="RBX43">
					<Properties>
						<CoordinateFrame name="CFrame">
							<X>-0.069068</X> <Y>-0.082697</Y> <Z>0.067323</Z>
							<R00>0.996421</R00> <R01>-0.039998</R01> <R02>-0.074467</R02>
							<R10>0.040713</R10> <R11>0.999138</R11> <R12>0.008102</R12>
							<R20>0.074079</R20> <R21>-0.011105</R21> <R22>0.997191</R22>
						</CoordinateFrame>
						<float name="MaskWeight">0</float>
						<string name="Name">LowerTorso</string>
						<float name="Weight">1</float>
					</Properties>
					<Item class="Pose" referent="RBX44">
						<Properties>
							<CoordinateFrame name="CFrame">
								<X>0.000000</X> <Y>0.000000</Y> <Z>0.000000</Z>
								<R00>0.998240</R00> <R01>0.009282</R01> <R02>0.058566</R02>
								<R10>-0.010009</R10> <R11>0.999876</R11> <R12>0.012144</R12>
								<R20>-0.058446</R20> <R21>-0.012709</R21> <R22>0.998210</R22>
							</CoordinateFrame>
							<float name="MaskWeight">0</float>
							<string name="Name">UpperTorso</string>
							<float name="Weight">1</float>
						</Properties>
						<Item class="Pose" referent="RBX45">
							<Properties>
								<CoordinateFrame name="CFrame">
									<X>0.000000</X> <Y>0.000000</Y> <Z>0.042861</Z>
									<R00>0.999133</R00> <R01>0.040231</R01> <R02>0.010678</R02>
									<R10>-0.040016</R10> <R11>0.999005</R11> <R12>-0.019676</R12>
									<R20>-0.011459</R20> <R21>0.019231</R21> <R22>0.999749</R22>
								</CoordinateFrame>
								<float name="MaskWeight">0</float>
								<string name="Name">Head</string>
								<float name="Weight">1</float>
							</Properties>
						</Item>
						<Item class="Pose" referent="RBX46">
							<Properties>
								<CoordinateFrame name="CFrame">
									<X>-0.000145</X> <Y>0.000084</Y> <Z>-0.000000</Z>
									<R00>0.975864</R00> <R01>0.214943</R01> <R02>-0.038578</R02>
									<R10>-0.213333</R10> <R11>0.976079</R11> <R12>0.041931</R12>
									<R20>0.046668</R20> <R21>-0.032689</R21> <R22>0.998375</R22>
								</CoordinateFrame>
								<float name="MaskWeight">0</float>
								<string name="Name">LeftUpperArm</string>
								<float name="Weight">1</float>
							</Properties>
							<Item class="Pose" referent="RBX47">
								<Properties>
									<CoordinateFrame name="CFrame">
										<X>-0.000370</X> <Y>-0.000127</Y> <Z>0.000000</Z>
										<R00>0.999898</R00> <R01>-0.001180</R01> <R02>-0.014210</R02>
										<R10>-0.001895</R10> <R11>0.976725</R11> <R12>-0.214487</R12>
										<R20>0.014132</R20> <R21>0.214492</R21> <R22>0.976624</R22>
									</CoordinateFrame>
									<float name="MaskWeight">0</float>
									<string name="Name">LeftLowerArm</string>
									<float name="Weight">1</float>
								</Properties>
								<Item class="Pose" referent="RBX48">
									<Properties>
										<CoordinateFrame name="CFrame">
											<X>0.000000</X> <Y>0.000206</Y> <Z>0.000000</Z>
											<R00>1.000000</R00> <R01>-0.000000</R01> <R02>0.000000</R02>
											<R10>0.000000</R10> <R11>1.000000</R11> <R12>0.000000</R12>
											<R20>0.000000</R20> <R21>0.000000</R21> <R22>1.000000</R22>
										</CoordinateFrame>
										<float name="MaskWeight">0</float>
										<string name="Name">LeftHand</string>
										<float name="Weight">1</float>
									</Properties>
								</Item>
							</Item>
						</Item>
						<Item class="Pose" referent="RBX49">
							<Properties>
								<CoordinateFrame name="CFrame">
									<X>0.000013</X> <Y>-0.000024</Y> <Z>0.000000</Z>
									<R00>0.993068</R00> <R01>-0.117021</R01> <R02>0.011012</R02>
									<R10>0.111638</R10> <R11>0.968382</R11> <R12>0.223101</R12>
									<R20>-0.036771</R20> <R21>-0.220325</R21> <R22>0.974733</R22>
								</CoordinateFrame>
								<float name="MaskWeight">0</float>
								<string name="Name">RightUpperArm</string>
								<float name="Weight">1</float>
							</Properties>
							<Item class="Pose" referent="RBX50">
								<Properties>
									<CoordinateFrame name="CFrame">
										<X>-0.000020</X> <Y>0.000018</Y> <Z>0.000000</Z>
										<R00>0.999542</R00> <R01>-0.006962</R01> <R02>-0.029456</R02>
										<R10>-0.003906</R10> <R11>0.935370</R11> <R12>-0.353649</R12>
										<R20>0.030014</R20> <R21>0.353602</R21> <R22>0.934914</R22>
									</CoordinateFrame>
									<float name="MaskWeight">0</float>
									<string name="Name">RightLowerArm</string>
									<float name="Weight">1</float>
								</Properties>
								<Item class="Pose" referent="RBX51">
									<Properties>
										<CoordinateFrame name="CFrame">
											<X>0.000000</X> <Y>-0.000000</Y> <Z>0.000000</Z>
											<R00>1.000000</R00> <R01>-0.000000</R01> <R02>0.000000</R02>
											<R10>-0.000000</R10> <R11>1.000000</R11> <R12>-0.000000</R12>
											<R20>0.000000</R20> <R21>0.000000</R21> <R22>1.000000</R22>
										</CoordinateFrame>
										<float name="MaskWeight">0</float>
										<string name="Name">RightHand</string>
										<float name="Weight">1</float>
									</Properties>
								</Item>
							</Item>
						</Item>
					</Item>
					<Item class="Pose" referent="RBX52">
						<Properties>
							<CoordinateFrame name="CFrame">
								<X>-0.000200</X> <Y>0.000098</Y> <Z>-0.015000</Z>
								<R00>0.995019</R00> <R01>0.093396</R01> <R02>0.034857</R02>
								<R10>-0.084726</R10> <R11>0.976539</R11> <R12>-0.197971</R12>
								<R20>-0.052529</R20> <R21>0.194032</R21> <R22>0.979588</R22>
							</CoordinateFrame>
							<float name="MaskWeight">0</float>
							<string name="Name">LeftUpperLeg</string>
							<float name="Weight">1</float>
						</Properties>
						<Item class="Pose" referent="RBX53">
							<Properties>
								<CoordinateFrame name="CFrame">
									<X>-0.000000</X> <Y>-0.000400</Y> <Z>0.000178</Z>
									<R00>1.000000</R00> <R01>0.000006</R01> <R02>0.000004</R02>
									<R10>-0.000007</R10> <R11>0.833144</R11> <R12>0.553056</R12>
									<R20>-0.000000</R20> <R21>-0.553056</R21> <R22>0.833144</R22>
								</CoordinateFrame>
								<float name="MaskWeight">0</float>
								<string name="Name">LeftLowerLeg</string>
								<float name="Weight">1</float>
							</Properties>
							<Item class="Pose" referent="RBX54">
								<Properties>
									<CoordinateFrame name="CFrame">
										<X>-0.000001</X> <Y>0.000000</Y> <Z>0.075000</Z>
										<R00>0.999318</R00> <R01>0.036913</R01> <R02>-0.000725</R02>
										<R10>-0.035073</R10> <R11>0.942989</R11> <R12>-0.330970</R12>
										<R20>-0.011534</R20> <R21>0.330770</R21> <R22>0.943641</R22>
									</CoordinateFrame>
									<float name="MaskWeight">0</float>
									<string name="Name">LeftFoot</string>
									<float name="Weight">1</float>
								</Properties>
							</Item>
						</Item>
					</Item>
					<Item class="Pose" referent="RBX55">
						<Properties>
							<CoordinateFrame name="CFrame">
								<X>0.000200</X> <Y>0.000293</Y> <Z>-0.015000</Z>
								<R00>0.992772</R00> <R01>-0.067706</R01> <R02>0.099090</R02>
								<R10>0.101995</R10> <R11>0.911112</R11> <R12>-0.399339</R12>
								<R20>-0.063244</R20> <R21>0.406560</R21> <R22>0.911433</R22>
							</CoordinateFrame>
							<float name="MaskWeight">0</float>
							<string name="Name">RightUpperLeg</string>
							<float name="Weight">1</float>
						</Properties>
						<Item class="Pose" referent="RBX56">
							<Properties>
								<CoordinateFrame name="CFrame">
									<X>-0.000000</X> <Y>-0.000000</Y> <Z>0.000000</Z>
									<R00>1.000000</R00> <R01>-0.000000</R01> <R02>0.000000</R02>
									<R10>0.000000</R10> <R11>0.918561</R11> <R12>0.395280</R12>
									<R20>0.000000</R20> <R21>-0.395280</R21> <R22>0.918561</R22>
								</CoordinateFrame>
								<float name="MaskWeight">0</float>
								<string name="Name">RightLowerLeg</string>
								<float name="Weight">1</float>
							</Properties>
							<Item class="Pose" referent="RBX57">
								<Properties>
									<CoordinateFrame name="CFrame">
										<X>-0.000000</X> <Y>-0.000007</Y> <Z>0.075000</Z>
										<R00>0.998654</R00> <R01>0.041034</R01> <R02>0.031721</R02>
										<R10>-0.038528</R10> <R11>0.996368</R11> <R12>-0.075933</R12>
										<R20>-0.034722</R20> <R21>0.074609</R21> <R22>0.996608</R22>
									</CoordinateFrame>
									<float name="MaskWeight">0</float>
									<string name="Name">RightFoot</string>
									<float name="Weight">1</float>
								</Properties>
							</Item>
						</Item>
					</Item>
				</Item>
			</Item>
		</Item>
		<Item class="Keyframe" referent="RBX58">
			<Properties>
				<string name="Name">Keyframe</string>
				<float name="Time">0.127604</float>
			</Properties>
			<Item class="Pose" referent="RBX61">
				<Properties>
					<CoordinateFrame name="CFrame">
						<X>0.000000</X> <Y>0.000000</Y> <Z>0.000000</Z>
						<R00>1.000000</R00> <R01>0.000000</R01> <R02>0.000000</R02>
						<R10>0.000000</R10> <R11>1.000000</R11> <R12>0.000000</R12>
						<R20>0.000000</R20> <R21>0.000000</R21> <R22>1.000000</R22>
					</CoordinateFrame>
					<float name="MaskWeight">0</float>
					<string name="Name">HumanoidRootPart</string>
					<float name="Weight">1</float>
				</Properties>
				<Item class="Pose" referent="RBX62">
					<Properties>
						<CoordinateFrame name="CFrame">
							<X>-0.069068</X> <Y>-0.082363</Y> <Z>0.067729</Z>
							<R00>0.996421</R00> <R01>-0.039998</R01> <R02>-0.074467</R02>
							<R10>0.040713</R10> <R11>0.999138</R11> <R12>0.008102</R12>
							<R20>0.074079</R20> <R21>-0.011105</R21> <R22>0.997191</R22>
						</CoordinateFrame>
						<float name="MaskWeight">0</float>
						<string name="Name">LowerTorso</string>
						<float name="Weight">1</float>
					</Properties>
					<Item class="Pose" referent="RBX63">
						<Properties>
							<CoordinateFrame name="CFrame">
								<X>0.000000</X> <Y>0.000000</Y> <Z>-0.000000</Z>
								<R00>0.998200</R00> <R01>0.009506</R01> <R02>0.059217</R02>
								<R10>-0.010197</R10> <R11>0.999883</R11> <R12>0.011375</R12>
								<R20>-0.059102</R20> <R21>-0.011958</R21> <R22>0.998180</R22>
							</CoordinateFrame>
							<float name="MaskWeight">0</float>
							<string name="Name">UpperTorso</string>
							<float name="Weight">1</float>
						</Properties>
						<Item class="Pose" referent="RBX64">
							<Properties>
								<CoordinateFrame name="CFrame">
									<X>-0.000000</X> <Y>-0.000000</Y> <Z>0.042861</Z>
									<R00>0.999133</R00> <R01>0.040221</R01> <R02>0.010716</R02>
									<R10>-0.040016</R10> <R11>0.999024</R11> <R12>-0.018724</R12>
									<R20>-0.011459</R20> <R21>0.018279</R21> <R22>0.999767</R22>
								</CoordinateFrame>
								<float name="MaskWeight">0</float>
								<string name="Name">Head</string>
								<float name="Weight">1</float>
							</Properties>
						</Item>
						<Item class="Pose" referent="RBX65">
							<Properties>
								<CoordinateFrame name="CFrame">
									<X>-0.000145</X> <Y>0.000084</Y> <Z>0.000000</Z>
									<R00>0.974547</R00> <R01>0.221552</R01> <R02>-0.034236</R02>
									<R10>-0.219868</R10> <R11>0.974398</R11> <R12>0.046978</R12>
									<R20>0.043767</R20> <R21>-0.038255</R21> <R22>0.998309</R22>
								</CoordinateFrame>
								<float name="MaskWeight">0</float>
								<string name="Name">LeftUpperArm</string>
								<float name="Weight">1</float>
							</Properties>
							<Item class="Pose" referent="RBX66">
								<Properties>
									<CoordinateFrame name="CFrame">
										<X>-0.000370</X> <Y>-0.000127</Y> <Z>-0.000000</Z>
										<R00>0.999898</R00> <R01>-0.001330</R01> <R02>-0.014196</R02>
										<R10>-0.001895</R10> <R11>0.974409</R11> <R12>-0.224772</R12>
										<R20>0.014132</R20> <R21>0.224777</R21> <R22>0.974308</R22>
									</CoordinateFrame>
									<float name="MaskWeight">0</float>
									<string name="Name">LeftLowerArm</string>
									<float name="Weight">1</float>
								</Properties>
								<Item class="Pose" referent="RBX67">
									<Properties>
										<CoordinateFrame name="CFrame">
											<X>-0.000000</X> <Y>0.000206</Y> <Z>0.000000</Z>
											<R00>1.000000</R00> <R01>0.000000</R01> <R02>-0.000000</R02>
											<R10>0.000000</R10> <R11>1.000000</R11> <R12>0.000000</R12>
											<R20>-0.000000</R20> <R21>0.000000</R21> <R22>1.000000</R22>
										</CoordinateFrame>
										<float name="MaskWeight">0</float>
										<string name="Name">LeftHand</string>
										<float name="Weight">1</float>
									</Properties>
								</Item>
							</Item>
						</Item>
						<Item class="Pose" referent="RBX68">
							<Properties>
								<CoordinateFrame name="CFrame">
									<X>0.000013</X> <Y>-0.000024</Y> <Z>0.000000</Z>
									<R00>0.992491</R00> <R01>-0.121871</R01> <R02>0.010440</R02>
									<R10>0.116260</R10> <R11>0.966427</R11> <R12>0.229133</R12>
									<R20>-0.038014</R20> <R21>-0.226199</R21> <R22>0.973339</R22>
								</CoordinateFrame>
								<float name="MaskWeight">0</float>
								<string name="Name">RightUpperArm</string>
								<float name="Weight">1</float>
							</Properties>
							<Item class="Pose" referent="RBX69">
								<Properties>
									<CoordinateFrame name="CFrame">
										<X>-0.000020</X> <Y>0.000018</Y> <Z>0.000000</Z>
										<R00>0.999542</R00> <R01>-0.007212</R01> <R02>-0.029396</R02>
										<R10>-0.003906</R10> <R11>0.932339</R11> <R12>-0.361564</R12>
										<R20>0.030014</R20> <R21>0.361513</R21> <R22>0.931884</R22>
									</CoordinateFrame>
									<float name="MaskWeight">0</float>
									<string name="Name">RightLowerArm</string>
									<float name="Weight">1</float>
								</Properties>
								<Item class="Pose" referent="RBX70">
									<Properties>
										<CoordinateFrame name="CFrame">
											<X>0.000000</X> <Y>-0.000000</Y> <Z>-0.000000</Z>
											<R00>1.000000</R00> <R01>0.000000</R01> <R02>-0.000000</R02>
											<R10>0.000000</R10> <R11>1.000000</R11> <R12>0.000000</R12>
											<R20>-0.000000</R20> <R21>-0.000000</R21> <R22>1.000000</R22>
										</CoordinateFrame>
										<float name="MaskWeight">0</float>
										<string name="Name">RightHand</string>
										<float name="Weight">1</float>
									</Properties>
								</Item>
							</Item>
						</Item>
					</Item>
					<Item class="Pose" referent="RBX71">
						<Properties>
							<CoordinateFrame name="CFrame">
								<X>-0.000200</X> <Y>0.000098</Y> <Z>-0.015000</Z>
								<R00>0.995019</R00> <R01>0.093383</R01> <R02>0.034879</R02>
								<R10>-0.084722</R10> <R11>0.976589</R11> <R12>-0.197730</R12>
								<R20>-0.052527</R20> <R21>0.193790</R21> <R22>0.979636</R22>
							</CoordinateFrame>
							<float name="MaskWeight">0</float>
							<string name="Name">LeftUpperLeg</string>
							<float name="Weight">1</float>
						</Properties>
						<Item class="Pose" referent="RBX72">
							<Properties>
								<CoordinateFrame name="CFrame">
									<X>-0.000000</X> <Y>-0.000400</Y> <Z>0.000178</Z>
									<R00>1.000000</R00> <R01>0.000006</R01> <R02>0.000004</R02>
									<R10>-0.000007</R10> <R11>0.833645</R11> <R12>0.552301</R12>
									<R20>-0.000000</R20> <R21>-0.552301</R21> <R22>0.833645</R22>
								</CoordinateFrame>
								<float name="MaskWeight">0</float>
								<string name="Name">LeftLowerLeg</string>
								<float name="Weight">1</float>
							</Properties>
							<Item class="Pose" referent="RBX73">
								<Properties>
									<CoordinateFrame name="CFrame">
										<X>-0.000001</X> <Y>0.000000</Y> <Z>0.075000</Z>
										<R00>0.999318</R00> <R01>0.036913</R01> <R02>-0.000725</R02>
										<R10>-0.035073</R10> <R11>0.942989</R11> <R12>-0.330970</R12>
										<R20>-0.011534</R20> <R21>0.330770</R21> <R22>0.943641</R22>
									</CoordinateFrame>
									<float name="MaskWeight">0</float>
									<string name="Name">LeftFoot</string>
									<float name="Weight">1</float>
								</Properties>
							</Item>
						</Item>
					</Item>
					<Item class="Pose" referent="RBX74">
						<Properties>
							<CoordinateFrame name="CFrame">
								<X>0.000200</X> <Y>0.000293</Y> <Z>-0.015000</Z>
								<R00>0.992772</R00> <R01>-0.067751</R01> <R02>0.099063</R02>
								<R10>0.101971</R10> <R11>0.911459</R11> <R12>-0.398553</R12>
								<R20>-0.063289</R20> <R21>0.405774</R21> <R22>0.911780</R22>
							</CoordinateFrame>
							<float name="MaskWeight">0</float>
							<string name="Name">RightUpperLeg</string>
							<float name="Weight">1</float>
						</Properties>
						<Item class="Pose" referent="RBX75">
							<Properties>
								<CoordinateFrame name="CFrame">
									<X>0.000000</X> <Y>-0.000000</Y> <Z>0.000000</Z>
									<R00>1.000000</R00> <R01>0.000000</R01> <R02>-0.000000</R02>
									<R10>0.000000</R10> <R11>0.919294</R11> <R12>0.393571</R12>
									<R20>-0.000000</R20> <R21>-0.393571</R21> <R22>0.919294</R22>
								</CoordinateFrame>
								<float name="MaskWeight">0</float>
								<string name="Name">RightLowerLeg</string>
								<float name="Weight">1</float>
							</Properties>
							<Item class="Pose" referent="RBX76">
								<Properties>
									<CoordinateFrame name="CFrame">
										<X>0.000000</X> <Y>-0.000007</Y> <Z>0.075000</Z>
										<R00>0.998654</R00> <R01>0.041034</R01> <R02>0.031721</R02>
										<R10>-0.038528</R10> <R11>0.996368</R11> <R12>-0.075933</R12>
										<R20>-0.034722</R20> <R21>0.074609</R21> <R22>0.996608</R22>
									</CoordinateFrame>
									<float name="MaskWeight">0</float>
									<string name="Name">RightFoot</string>
									<float name="Weight">1</float>
								</Properties>
							</Item>
						</Item>
					</Item>
				</Item>
			</Item>
		</Item>
		<Item class="Keyframe" referent="RBX77">
			<Properties>
				<string name="Name">Keyframe</string>
				<float name="Time">0.170139</float>
			</Properties>
			<Item class="Pose" referent="RBX80">
				<Properties>
					<CoordinateFrame name="CFrame">
						<X>0.000000</X> <Y>0.000000</Y> <Z>0.000000</Z>
						<R00>1.000000</R00> <R01>0.000000</R01> <R02>0.000000</R02>
						<R10>0.000000</R10> <R11>1.000000</R11> <R12>0.000000</R12>
						<R20>0.000000</R20> <R21>0.000000</R21> <R22>1.000000</R22>
					</CoordinateFrame>
					<float name="MaskWeight">0</float>
					<string name="Name">HumanoidRootPart</string>
					<float name="Weight">1</float>
				</Properties>
				<Item class="Pose" referent="RBX81">
					<Properties>
						<CoordinateFrame name="CFrame">
							<X>-0.069068</X> <Y>-0.082435</Y> <Z>0.068273</Z>
							<R00>0.996421</R00> <R01>-0.039998</R01> <R02>-0.074467</R02>
							<R10>0.040713</R10> <R11>0.999138</R11> <R12>0.008102</R12>
							<R20>0.074079</R20> <R21>-0.011105</R21> <R22>0.997191</R22>
						</CoordinateFrame>
						<float name="MaskWeight">0</float>
						<string name="Name">LowerTorso</string>
						<float name="Weight">1</float>
					</Properties>
					<Item class="Pose" referent="RBX82">
						<Properties>
							<CoordinateFrame name="CFrame">
								<X>0.000000</X> <Y>0.000000</Y> <Z>-0.000000</Z>
								<R00>0.998145</R00> <R01>0.009772</R01> <R02>0.060094</R02>
								<R10>-0.010448</R10> <R11>0.999885</R11> <R12>0.010949</R12>
								<R20>-0.059980</R20> <R21>-0.011557</R21> <R22>0.998133</R22>
							</CoordinateFrame>
							<float name="MaskWeight">0</float>
							<string name="Name">UpperTorso</string>
							<float name="Weight">1</float>
						</Properties>
						<Item class="Pose" referent="RBX83">
							<Properties>
								<CoordinateFrame name="CFrame">
									<X>0.000000</X> <Y>0.000000</Y> <Z>0.042861</Z>
									<R00>0.999133</R00> <R01>0.040208</R01> <R02>0.010763</R02>
									<R10>-0.040016</R10> <R11>0.999045</R11> <R12>-0.017565</R12>
									<R20>-0.011459</R20> <R21>0.017119</R21> <R22>0.999788</R22>
								</CoordinateFrame>
								<float name="MaskWeight">0</float>
								<string name="Name">Head</string>
								<float name="Weight">1</float>
							</Properties>
						</Item>
						<Item class="Pose" referent="RBX84">
							<Properties>
								<CoordinateFrame name="CFrame">
									<X>-0.000144</X> <Y>0.000084</Y> <Z>-0.000000</Z>
									<R00>0.972791</R00> <R01>0.229726</R01> <R02>-0.030060</R02>
									<R10>-0.228002</R10> <R11>0.972279</R11> <R12>0.051853</R12>
									<R20>0.041139</R20> <R21>-0.043588</R21> <R22>0.998202</R22>
								</CoordinateFrame>
								<float name="MaskWeight">0</float>
