<roblox xmlns:xmime="http://www.w3.org/2005/05/xmlmime" xmlns:xsi="http://www.w3.org/2001/XMLSchema-instance" xsi:noNamespaceSchemaLocation="http://www.mulrbx.com/roblox.xsd" version="4" assettype="animation">
   <External>null</External>
   <External>nil</External>
   <Item class="KeyframeSequence" referent="RBX0">
		<Properties>
			<bool name="Loop">true</bool>
			<string name="Name">Test</string>
			<token name="Priority">1000</token>
		</Properties>
		<Item class="Keyframe" referent="RBX1">
			<Properties>
				<string name="Name">Keyframe</string>
				<float name="Time">0.000000</float>
			</Properties>
			<Item class="Pose" referent="RBX4">
				<Properties>
					<CoordinateFrame name="CFrame">
						<X>0.000000</X> <Y>0.000000</Y> <Z>0.000000</Z>
						<R00>1.000000</R00> <R01>0.000000</R01> <R02>0.000000</R02>
						<R10>0.000000</R10> <R11>1.000000</R11> <R12>0.000000</R12>
						<R20>0.000000</R20> <R21>0.000000</R21> <R22>1.000000</R22>
					</CoordinateFrame>
					<float name="MaskWeight">0</float>
					<string name="Name">HumanoidRootPart</string>
					<float name="Weight">1</float>
				</Properties>
				<Item class="Pose" referent="RBX5">
					<Properties>
						<CoordinateFrame name="CFrame">
							<X>-0.069068</X> <Y>0.867063</Y> <Z>0.051597</Z>
							<R00>0.998417</R00> <R01>-0.048843</R01> <R02>0.027888</R02>
							<R10>0.042901</R10> <R11>0.981992</R11> <R12>0.183985</R12>
							<R20>-0.036372</R20> <R21>-0.182497</R21> <R22>0.982533</R22>
						</CoordinateFrame>
						<float name="MaskWeight">0</float>
						<string name="Name">LowerTorso</string>
						<float name="Weight">1</float>
					</Properties>
					<Item class="Pose" referent="RBX6">
						<Properties>
							<CoordinateFrame name="CFrame">
								<X>0.000000</X> <Y>0.000000</Y> <Z>-0.000000</Z>
								<R00>0.996693</R00> <R01>0.058542</R01> <R02>-0.056348</R02>
								<R10>-0.050475</R10> <R11>0.989525</R11> <R12>0.135248</R12>
								<R20>0.063676</R20> <R21>-0.131957</R21> <R22>0.989208</R22>
							</CoordinateFrame>
							<float name="MaskWeight">0</float>
							<string name="Name">UpperTorso</string>
							<float name="Weight">1</float>
						</Properties>
						<Item class="Pose" referent="RBX7">
							<Properties>
								<CoordinateFrame name="CFrame">
									<X>0.000000</X> <Y>0.000000</Y> <Z>0.042861</Z>
									<R00>0.998987</R00> <R01>0.007176</R01> <R02>0.044418</R02>
									<R10>-0.016671</R10> <R11>0.975968</R11> <R12>0.217276</R12>
									<R20>-0.041791</R20> <R21>-0.217796</R21> <R22>0.975099</R22>
								</CoordinateFrame>
								<float name="MaskWeight">0</float>
								<string name="Name">Head</string>
								<float name="Weight">1</float>
							</Properties>
						</Item>
						<Item class="Pose" referent="RBX8">
							<Properties>
								<CoordinateFrame name="CFrame">
									<X>-0.000145</X> <Y>0.000084</Y> <Z>-0.000000</Z>
									<R00>0.521128</R00> <R01>0.811001</R01> <R02>-0.265901</R02>
									<R10>0.142158</R10> <R11>-0.389678</R11> <R12>-0.909913</R12>
									<R20>-0.841556</R20> <R21>0.436381</R21> <R22>-0.318362</R22>
								</CoordinateFrame>
								<float name="MaskWeight">0</float>
								<string name="Name">LeftUpperArm</string>
								<float name="Weight">1</float>
							</Properties>
							<Item class="Pose" referent="RBX9">
								<Properties>
									<CoordinateFrame name="CFrame">
										<X>-0.000370</X> <Y>-0.000127</Y> <Z>-0.000000</Z>
										<R00>0.999984</R00> <R01>-0.005462</R01> <R02>-0.001432</R02>
										<R10>0.004026</R10> <R11>0.867502</R11> <R12>-0.497417</R12>
										<R20>0.003959</R20> <R21>0.497404</R21> <R22>0.867510</R22>
									</CoordinateFrame>
									<float name="MaskWeight">0</float>
									<string name="Name">LeftLowerArm</string>
									<float name="Weight">1</float>
								</Properties>
								<Item class="Pose" referent="RBX10">
									<Properties>
										<CoordinateFrame name="CFrame">
											<X>0.000000</X> <Y>0.102181</Y> <Z>0.000000</Z>
											<R00>1.000000</R00> <R01>0.000000</R01> <R02>0.000000</R02>
											<R10>0.000000</R10> <R11>1.000000</R11> <R12>0.000000</R12>
											<R20>0.000000</R20> <R21>-0.000000</R21> <R22>1.000000</R22>
										</CoordinateFrame>
										<float name="MaskWeight">0</float>
										<string name="Name">LeftHand</string>
										<float name="Weight">1</float>
									</Properties>
								</Item>
							</Item>
						</Item>
						<Item class="Pose" referent="RBX11">
							<Properties>
								<CoordinateFrame name="CFrame">
									<X>0.000013</X> <Y>-0.000024</Y> <Z>-0.000000</Z>
									<R00>0.823868</R00> <R01>-0.565177</R01> <R02>0.042626</R02>
									<R10>-0.168594</R10> <R11>-0.316174</R11> <R12>-0.933601</R12>
									<R20>0.541127</R20> <R21>0.761977</R21> <R22>-0.355771</R22>
								</CoordinateFrame>
								<float name="MaskWeight">0</float>
								<string name="Name">RightUpperArm</string>
								<float name="Weight">1</float>
							</Properties>
							<Item class="Pose" referent="RBX12">
								<Properties>
									<CoordinateFrame name="CFrame">
										<X>-0.000020</X> <Y>0.000018</Y> <Z>0.000000</Z>
										<R00>0.999998</R00> <R01>-0.001368</R01> <R02>-0.001709</R02>
										<R10>0.001050</R10> <R11>0.984792</R11> <R12>-0.173733</R12>
										<R20>0.001921</R20> <R21>0.173731</R21> <R22>0.984791</R22>
									</CoordinateFrame>
									<float name="MaskWeight">0</float>
									<string name="Name">RightLowerArm</string>
									<float name="Weight">1</float>
								</Properties>
								<Item class="Pose" referent="RBX13">
									<Properties>
										<CoordinateFrame name="CFrame">
											<X>-0.000000</X> <Y>0.101975</Y> <Z>-0.000000</Z>
											<R00>1.000000</R00> <R01>-0.000000</R01> <R02>0.000000</R02>
											<R10>0.000000</R10> <R11>1.000000</R11> <R12>-0.000000</R12>
											<R20>-0.000000</R20> <R21>-0.000000</R21> <R22>1.000000</R22>
										</CoordinateFrame>
										<float name="MaskWeight">0</float>
										<string name="Name">RightHand</string>
										<float name="Weight">1</float>
									</Properties>
								</Item>
							</Item>
						</Item>
					</Item>
					<Item class="Pose" referent="RBX14">
						<Properties>
							<CoordinateFrame name="CFrame">
								<X>-0.000200</X> <Y>0.000102</Y> <Z>0.015000</Z>
								<R00>0.997917</R00> <R01>0.058251</R01> <R02>0.027730</R02>
								<R10>-0.022905</R10> <R11>0.721713</R11> <R12>-0.691814</R12>
								<R20>-0.060312</R20> <R21>0.689737</R21> <R22>0.721543</R22>
							</CoordinateFrame>
							<float name="MaskWeight">0</float>
							<string name="Name">LeftUpperLeg</string>
							<float name="Weight">1</float>
						</Properties>
						<Item class="Pose" referent="RBX15">
							<Properties>
								<CoordinateFrame name="CFrame">
									<X>-0.000000</X> <Y>-0.000400</Y> <Z>0.000178</Z>
									<R00>1.000000</R00> <R01>0.000006</R01> <R02>0.000013</R02>
									<R10>-0.000014</R10> <R11>0.427631</R11> <R12>0.903953</R12>
									<R20>-0.000001</R20> <R21>-0.903953</R21> <R22>0.427631</R22>
								</CoordinateFrame>
								<float name="MaskWeight">0</float>
								<string name="Name">LeftLowerLeg</string>
								<float name="Weight">1</float>
							</Properties>
							<Item class="Pose" referent="RBX16">
								<Properties>
									<CoordinateFrame name="CFrame">
										<X>-0.000001</X> <Y>0.000000</Y> <Z>0.075000</Z>
										<R00>0.999089</R00> <R01>0.040422</R01> <R02>0.013667</R02>
										<R10>-0.039176</R10> <R11>0.995896</R11> <R12>-0.081592</R12>
										<R20>-0.016909</R20> <R21>0.080982</R21> <R22>0.996572</R22>
									</CoordinateFrame>
									<float name="MaskWeight">0</float>
									<string name="Name">LeftFoot</string>
									<float name="Weight">1</float>
								</Properties>
							</Item>
						</Item>
					</Item>
					<Item class="Pose" referent="RBX17">
						<Properties>
							<CoordinateFrame name="CFrame">
								<X>0.000200</X> <Y>0.000307</Y> <Z>0.015000</Z>
								<R00>0.976842</R00> <R01>-0.213917</R01> <R02>-0.004284</R02>
								<R10>0.145841</R10> <R11>0.680359</R11> <R12>-0.718222</R12>
								<R20>0.156555</R20> <R21>0.700965</R21> <R22>0.695801</R22>
							</CoordinateFrame>
							<float name="MaskWeight">0</float>
							<string name="Name">RightUpperLeg</string>
							<float name="Weight">1</float>
						</Properties>
						<Item class="Pose" referent="RBX18">
							<Properties>
								<CoordinateFrame name="CFrame">
									<X>0.000000</X> <Y>-0.000000</Y> <Z>0.000000</Z>
									<R00>1.000000</R00> <R01>0.000000</R01> <R02>0.000000</R02>
									<R10>0.000000</R10> <R11>0.261215</R11> <R12>0.965281</R12>
									<R20>0.000000</R20> <R21>-0.965281</R21> <R22>0.261215</R22>
								</CoordinateFrame>
								<float name="MaskWeight">0</float>
								<string name="Name">RightLowerLeg</string>
								<float name="Weight">1</float>
							</Properties>
							<Item class="Pose" referent="RBX19">
								<Properties>
									<CoordinateFrame name="CFrame">
										<X>0.000000</X> <Y>-0.000006</Y> <Z>0.075000</Z>
										<R00>0.998721</R00> <R01>0.046868</R01> <R02>0.018954</R02>
										<R10>-0.043181</R10> <R11>0.985795</R11> <R12>-0.162305</R12>
										<R20>-0.026291</R20> <R21>0.161279</R21> <R22>0.986558</R22>
									</CoordinateFrame>
									<float name="MaskWeight">0</float>
									<string name="Name">RightFoot</string>
									<float name="Weight">1</float>
								</Properties>
							</Item>
						</Item>
					</Item>
				</Item>
			</Item>
		</Item>
		<Item class="Keyframe" referent="RBX20">
			<Properties>
				<string name="Name">Keyframe</string>
				<float name="Time">0.041667</float>
			</Properties>
			<Item class="Pose" referent="RBX23">
				<Properties>
					<CoordinateFrame name="CFrame">
						<X>0.000000</X> <Y>0.000000</Y> <Z>0.000000</Z>
						<R00>1.000000</R00> <R01>0.000000</R01> <R02>0.000000</R02>
						<R10>0.000000</R10> <R11>1.000000</R11> <R12>0.000000</R12>
						<R20>0.000000</R20> <R21>0.000000</R21> <R22>1.000000</R22>
					</CoordinateFrame>
					<float name="MaskWeight">0</float>
					<string name="Name">HumanoidRootPart</string>
					<float name="Weight">1</float>
				</Properties>
				<Item class="Pose" referent="RBX24">
					<Properties>
						<CoordinateFrame name="CFrame">
							<X>-0.065547</X> <Y>0.867063</Y> <Z>0.045470</Z>
							<R00>0.998417</R00> <R01>-0.048843</R01> <R02>0.027888</R02>
							<R10>0.042901</R10> <R11>0.981992</R11> <R12>0.183985</R12>
							<R20>-0.036372</R20> <R21>-0.182497</R21> <R22>0.982533</R22>
						</CoordinateFrame>
						<float name="MaskWeight">0</float>
						<string name="Name">LowerTorso</string>
						<float name="Weight">1</float>
					</Properties>
					<Item class="Pose" referent="RBX25">
						<Properties>
							<CoordinateFrame name="CFrame">
								<X>0.000000</X> <Y>0.000000</Y> <Z>-0.000000</Z>
								<R00>0.996984</R00> <R01>0.054586</R01> <R02>-0.055165</R02>
								<R10>-0.046258</R10> <R11>0.988734</R11> <R12>0.142358</R12>
								<R20>0.062315</R20> <R21>-0.139376</R21> <R22>0.988277</R22>
							</CoordinateFrame>
							<float name="MaskWeight">0</float>
							<string name="Name">UpperTorso</string>
							<float name="Weight">1</float>
						</Properties>
						<Item class="Pose" referent="RBX26">
							<Properties>
								<CoordinateFrame name="CFrame">
									<X>0.000000</X> <Y>0.000000</Y> <Z>0.042861</Z>
									<R00>0.999478</R00> <R01>0.000043</R01> <R02>0.032310</R02>
									<R10>-0.007485</R10> <R11>0.973096</R11> <R12>0.230278</R12>
									<R20>-0.031431</R20> <R21>-0.230400</R21> <R22>0.972588</R22>
								</CoordinateFrame>
								<float name="MaskWeight">0</float>
								<string name="Name">Head</string>
								<float name="Weight">1</float>
							</Properties>
						</Item>
						<Item class="Pose" referent="RBX27">
							<Properties>
								<CoordinateFrame name="CFrame">
									<X>-0.000145</X> <Y>0.000084</Y> <Z>0.000000</Z>
									<R00>0.521570</R00> <R01>0.812327</R01> <R02>-0.260939</R02>
									<R10>0.134631</R10> <R11>-0.380358</R11> <R12>-0.914988</R12>
									<R20>-0.842519</R20> <R21>0.442100</R21> <R22>-0.307748</R22>
								</CoordinateFrame>
								<float name="MaskWeight">0</float>
								<string name="Name">LeftUpperArm</string>
								<float name="Weight">1</float>
							</Properties>
							<Item class="Pose" referent="RBX28">
								<Properties>
									<CoordinateFrame name="CFrame">
										<X>-0.000370</X> <Y>-0.000127</Y> <Z>0.000000</Z>
										<R00>0.999989</R00> <R01>-0.004681</R01> <R02>-0.000681</R02>
										<R10>0.003710</R10> <R11>0.865366</R11> <R12>-0.501127</R12>
										<R20>0.002935</R20> <R21>0.501118</R21> <R22>0.865374</R22>
									</CoordinateFrame>
									<float name="MaskWeight">0</float>
									<string name="Name">LeftLowerArm</string>
									<float name="Weight">1</float>
								</Properties>
								<Item class="Pose" referent="RBX29">
									<Properties>
										<CoordinateFrame name="CFrame">
											<X>-0.000000</X> <Y>0.102181</Y> <Z>-0.000000</Z>
											<R00>1.000000</R00> <R01>0.000000</R01> <R02>-0.000000</R02>
											<R10>0.000000</R10> <R11>1.000000</R11> <R12>0.000000</R12>
											<R20>-0.000000</R20> <R21>0.000000</R21> <R22>1.000000</R22>
										</CoordinateFrame>
										<float name="MaskWeight">0</float>
										<string name="Name">LeftHand</string>
										<float name="Weight">1</float>
									</Properties>
								</Item>
							</Item>
						</Item>
						<Item class="Pose" referent="RBX30">
							<Properties>
								<CoordinateFrame name="CFrame">
									<X>0.000013</X> <Y>-0.000024</Y> <Z>-0.000000</Z>
									<R00>0.823855</R00> <R01>-0.563120</R01> <R02>0.064481</R02>
									<R10>-0.198911</R10> <R11>-0.393773</R11> <R12>-0.897428</R12>
									<R20>0.530751</R20> <R21>0.726525</R21> <R22>-0.436423</R22>
								</CoordinateFrame>
								<float name="MaskWeight">0</float>
								<string name="Name">RightUpperArm</string>
								<float name="Weight">1</float>
							</Properties>
							<Item class="Pose" referent="RBX31">
								<Properties>
									<CoordinateFrame name="CFrame">
										<X>-0.000020</X> <Y>0.000018</Y> <Z>0.000000</Z>
										<R00>0.999989</R00> <R01>-0.003720</R01> <R02>-0.002940</R02>
										<R10>0.003310</R10> <R11>0.991634</R11> <R12>-0.129041</R12>
										<R20>0.003395</R20> <R21>0.129029</R21> <R22>0.991635</R22>
									</CoordinateFrame>
									<float name="MaskWeight">0</float>
									<string name="Name">RightLowerArm</string>
									<float name="Weight">1</float>
								</Properties>
								<Item class="Pose" referent="RBX32">
									<Properties>
										<CoordinateFrame name="CFrame">
											<X>0.000000</X> <Y>0.101975</Y> <Z>-0.000000</Z>
											<R00>1.000000</R00> <R01>0.000000</R01> <R02>-0.000000</R02>
											<R10>0.000000</R10> <R11>1.000000</R11> <R12>-0.000000</R12>
											<R20>0.000000</R20> <R21>0.000000</R21> <R22>1.000000</R22>
										</CoordinateFrame>
										<float name="MaskWeight">0</float>
										<string name="Name">RightHand</string>
										<float name="Weight">1</float>
									</Properties>
								</Item>
							</Item>
						</Item>
					</Item>
					<Item class="Pose" referent="RBX33">
						<Properties>
							<CoordinateFrame name="CFrame">
								<X>-0.000200</X> <Y>0.000102</Y> <Z>0.015000</Z>
								<R00>0.997875</R00> <R01>0.061116</R01> <R02>0.022572</R02>
								<R10>-0.028784</R10> <R11>0.724366</R11> <R12>-0.688815</R12>
								<R20>-0.058448</R20> <R21>0.686702</R21> <R22>0.724586</R22>
							</CoordinateFrame>
							<float name="MaskWeight">0</float>
							<string name="Name">LeftUpperLeg</string>
							<float name="Weight">1</float>
						</Properties>
						<Item class="Pose" referent="RBX34">
							<Properties>
								<CoordinateFrame name="CFrame">
									<X>-0.000000</X> <Y>-0.000400</Y> <Z>0.000178</Z>
									<R00>1.000000</R00> <R01>0.000006</R01> <R02>0.000013</R02>
									<R10>-0.000014</R10> <R11>0.429355</R11> <R12>0.903135</R12>
									<R20>-0.000001</R20> <R21>-0.903135</R21> <R22>0.429355</R22>
								</CoordinateFrame>
								<float name="MaskWeight">0</float>
								<string name="Name">LeftLowerLeg</string>
								<float name="Weight">1</float>
							</Properties>
							<Item class="Pose" referent="RBX35">
								<Properties>
									<CoordinateFrame name="CFrame">
										<X>-0.000001</X> <Y>-0.000000</Y> <Z>0.075000</Z>
										<R00>0.999089</R00> <R01>0.040422</R01> <R02>0.013667</R02>
										<R10>-0.039176</R10> <R11>0.995896</R11> <R12>-0.081592</R12>
										<R20>-0.016909</R20> <R21>0.080982</R21> <R22>0.996572</R22>
									</CoordinateFrame>
									<float name="MaskWeight">0</float>
									<string name="Name">LeftFoot</string>
									<float name="Weight">1</float>
								</Properties>
							</Item>
						</Item>
					</Item>
					<Item class="Pose" referent="RBX36">
						<Properties>
							<CoordinateFrame name="CFrame">
								<X>0.000200</X> <Y>0.000307</Y> <Z>0.015000</Z>
								<R00>0.976895</R00> <R01>-0.213682</R01> <R02>-0.004095</R02>
								<R10>0.147362</R10> <R11>0.687328</R11> <R12>-0.711242</R12>
								<R20>0.154794</R20> <R21>0.694205</R21> <R22>0.702935</R22>
							</CoordinateFrame>
							<float name="MaskWeight">0</float>
							<string name="Name">RightUpperLeg</string>
							<float name="Weight">1</float>
						</Properties>
						<Item class="Pose" referent="RBX37">
							<Properties>
								<CoordinateFrame name="CFrame">
									<X>0.000000</X> <Y>0.000000</Y> <Z>0.000000</Z>
									<R00>1.000000</R00> <R01>-0.000000</R01> <R02>-0.000000</R02>
									<R10>0.000000</R10> <R11>0.268877</R11> <R12>0.963174</R12>
									<R20>-0.000000</R20> <R21>-0.963174</R21> <R22>0.268877</R22>
								</CoordinateFrame>
								<float name="MaskWeight">0</float>
								<string name="Name">RightLowerLeg</string>
								<float name="Weight">1</float>
							</Properties>
							<Item class="Pose" referent="RBX38">
								<Properties>
									<CoordinateFrame name="CFrame">
										<X>-0.000000</X> <Y>-0.000006</Y> <Z>0.075000</Z>
										<R00>0.998721</R00> <R01>0.046868</R01> <R02>0.018954</R02>
										<R10>-0.043181</R10> <R11>0.985795</R11> <R12>-0.162305</R12>
										<R20>-0.026291</R20> <R21>0.161279</R21> <R22>0.986558</R22>
									</CoordinateFrame>
									<float name="MaskWeight">0</float>
									<string name="Name">RightFoot</string>
									<float name="Weight">1</float>
								</Properties>
							</Item>
						</Item>
					</Item>
				</Item>
			</Item>
		</Item>
		<Item class="Keyframe" referent="RBX39">
			<Properties>
				<string name="Name">Keyframe</string>
				<float name="Time">0.083333</float>
			</Properties>
			<Item class="Pose" referent="RBX42">
				<Properties>
					<CoordinateFrame name="CFrame">
						<X>0.000000</X> <Y>0.000000</Y> <Z>0.000000</Z>
						<R00>1.000000</R00> <R01>0.000000</R01> <R02>0.000000</R02>
						<R10>0.000000</R10> <R11>1.000000</R11> <R12>0.000000</R12>
						<R20>0.000000</R20> <R21>0.000000</R21> <R22>1.000000</R22>
					</CoordinateFrame>
					<float name="MaskWeight">0</float>
					<string name="Name">HumanoidRootPart</string>
					<float name="Weight">1</float>
				</Properties>
				<Item class="Pose" referent="RBX43">
					<Properties>
						<CoordinateFrame name="CFrame">
							<X>-0.055988</X> <Y>0.867063</Y> <Z>0.030859</Z>
							<R00>0.998417</R00> <R01>-0.048843</R01> <R02>0.027888</R02>
							<R10>0.042901</R10> <R11>0.981992</R11> <R12>0.183985</R12>
							<R20>-0.036372</R20> <R21>-0.182497</R21> <R22>0.982533</R22>
						</CoordinateFrame>
						<float name="MaskWeight">0</float>
						<string name="Name">LowerTorso</string>
						<float name="Weight">1</float>
					</Properties>
					<Item class="Pose" referent="RBX44">
						<Properties>
							<CoordinateFrame name="CFrame">
								<X>-0.000000</X> <Y>0.000000</Y> <Z>-0.000000</Z>
								<R00>0.997637</R00> <R01>0.044378</R01> <R02>-0.052447</R02>
								<R10>-0.035474</R10> <R11>0.986491</R11> <R12>0.159927</R12>
								<R20>0.058835</R20> <R21>-0.157688</R21> <R22>0.985735</R22>
							</CoordinateFrame>
							<float name="MaskWeight">0</float>
							<string name="Name">UpperTorso</string>
							<float name="Weight">1</float>
						</Properties>
						<Item class="Pose" referent="RBX45">
							<Properties>
								<CoordinateFrame name="CFrame">
									<X>0.000000</X> <Y>0.000000</Y> <Z>0.042861</Z>
									<R00>0.999732</R00> <R01>-0.005617</R01> <R02>0.022477</R02>
									<R10>0.000133</R10> <R11>0.971543</R11> <R12>0.236863</R12>
									<R20>-0.023168</R20> <R21>-0.236796</R21> <R22>0.971283</R22>
								</CoordinateFrame>
								<float name="MaskWeight">0</float>
								<string name="Name">Head</string>
								<float name="Weight">1</float>
							</Properties>
						</Item>
						<Item class="Pose" referent="RBX46">
							<Properties>
								<CoordinateFrame name="CFrame">
									<X>-0.000145</X> <Y>0.000085</Y> <Z>0.000000</Z>
									<R00>0.523391</R00> <R01>0.814920</R01> <R02>-0.248933</R02>
									<R10>0.115215</R10> <R11>-0.357143</R11> <R12>-0.926917</R12>
									<R20>-0.844268</R20> <R21>0.456459</R21> <R22>-0.280817</R22>
								</CoordinateFrame>
								<float name="MaskWeight">0</float>
								<string name="Name">LeftUpperArm</string>
								<float name="Weight">1</float>
							</Properties>
							<Item class="Pose" referent="RBX47">
								<Properties>
									<CoordinateFrame name="CFrame">
										<X>-0.000370</X> <Y>-0.000127</Y> <Z>0.000000</Z>
										<R00>0.999996</R00> <R01>-0.002794</R01> <R02>0.001084</R02>
										<R10>0.002956</R10> <R11>0.860207</R11> <R12>-0.509937</R12>
										<R20>0.000493</R20> <R21>0.509938</R21> <R22>0.860211</R22>
									</CoordinateFrame>
									<float name="MaskWeight">0</float>
									<string name="Name">LeftLowerArm</string>
									<float name="Weight">1</float>
								</Properties>
								<Item class="Pose" referent="RBX48">
									<Properties>
										<CoordinateFrame name="CFrame">
											<X>0.000000</X> <Y>0.102181</Y> <Z>0.000000</Z>
											<R00>1.000000</R00> <R01>0.000000</R01> <R02>-0.000000</R02>
											<R10>-0.000000</R10> <R11>1.000000</R11> <R12>0.000000</R12>
											<R20>-0.000000</R20> <R21>0.000000</R21> <R22>1.000000</R22>
										</CoordinateFrame>
										<float name="MaskWeight">0</float>
										<string name="Name">LeftHand</string>
										<float name="Weight">1</float>
									</Properties>
								</Item>
							</Item>
						</Item>
						<Item class="Pose" referent="RBX49">
							<Properties>
								<CoordinateFrame name="CFrame">
									<X>0.000013</X> <Y>-0.000023</Y> <Z>-0.000000</Z>
									<R00>0.821097</R00> <R01>-0.565109</R01> <R02>0.080320</R02>
									<R10>-0.229756</R10> <R11>-0.456036</R11> <R12>-0.859793</R12>
									<R20>0.522505</R20> <R21>0.687519</R21> <R22>-0.504287</R22>
								</CoordinateFrame>
								<float name="MaskWeight">0</float>
								<string name="Name">RightUpperArm</string>
								<float name="Weight">1</float>
							</Properties>
							<Item class="Pose" referent="RBX50">
								<Properties>
									<CoordinateFrame name="CFrame">
										<X>-0.000020</X> <Y>0.000018</Y> <Z>-0.000000</Z>
										<R00>0.999932</R00> <R01>-0.009779</R01> <R02>-0.006297</R02>
										<R10>0.009136</R10> <R11>0.995427</R11> <R12>-0.095083</R12>
										<R20>0.007198</R20> <R21>0.095019</R21> <R22>0.995449</R22>
									</CoordinateFrame>
									<float name="MaskWeight">0</float>
									<string name="Name">RightLowerArm</string>
									<float name="Weight">1</float>
								</Properties>
								<Item class="Pose" referent="RBX51">
									<Properties>
										<CoordinateFrame name="CFrame">
											<X>0.000000</X> <Y>0.101975</Y> <Z>-0.000000</Z>
											<R00>1.000000</R00> <R01>0.000000</R01> <R02>-0.000000</R02>
											<R10>0.000000</R10> <R11>1.000000</R11> <R12>0.000000</R12>
											<R20>0.000000</R20> <R21>0.000000</R21> <R22>1.000000</R22>
										</CoordinateFrame>
										<float name="MaskWeight">0</float>
										<string name="Name">RightHand</string>
										<float name="Weight">1</float>
									</Properties>
								</Item>
							</Item>
						</Item>
					</Item>
					<Item class="Pose" referent="RBX52">
						<Properties>
							<CoordinateFrame name="CFrame">
								<X>-0.000200</X> <Y>0.000102</Y> <Z>0.015000</Z>
								<R00>0.997591</R00> <R01>0.068814</R01> <R02>0.008745</R02>
								<R10>-0.044428</R10> <R11>0.730651</R11> <R12>-0.681305</R12>
								<R20>-0.053273</R20> <R21>0.679275</R21> <R22>0.731948</R22>
							</CoordinateFrame>
							<float name="MaskWeight">0</float>
							<string name="Name">LeftUpperLeg</string>
							<float name="Weight">1</float>
						</Properties>
						<Item class="Pose" referent="RBX53">
							<Properties>
								<CoordinateFrame name="CFrame">
									<X>-0.000000</X> <Y>-0.000400</Y> <Z>0.000178</Z>
									<R00>1.000000</R00> <R01>0.000006</R01> <R02>0.000013</R02>
									<R10>-0.000014</R10> <R11>0.434208</R11> <R12>0.900813</R12>
									<R20>-0.000001</R20> <R21>-0.900813</R21> <R22>0.434208</R22>
								</CoordinateFrame>
								<float name="MaskWeight">0</float>
								<string name="Name">LeftLowerLeg</string>
								<float name="Weight">1</float>
							</Properties>
							<Item class="Pose" referent="RBX54">
								<Properties>
									<CoordinateFrame name="CFrame">
										<X>-0.000001</X> <Y>-0.000000</Y> <Z>0.075000</Z>
										<R00>0.999089</R00> <R01>0.040422</R01> <R02>0.013667</R02>
										<R10>-0.039176</R10> <R11>0.995896</R11> <R12>-0.081592</R12>
										<R20>-0.016909</R20> <R21>0.080982</R21> <R22>0.996572</R22>
									</CoordinateFrame>
									<float name="MaskWeight">0</float>
									<string name="Name">LeftFoot</string>
									<float name="Weight">1</float>
								</Properties>
							</Item>
						</Item>
					</Item>
					<Item class="Pose" referent="RBX55">
						<Properties>
							<CoordinateFrame name="CFrame">
								<X>0.000200</X> <Y>0.000307</Y> <Z>0.015000</Z>
								<R00>0.979312</R00> <R01>-0.202090</R01> <R02>-0.010417</R02>
								<R10>0.138022</R10> <R11>0.704715</R11> <R12>-0.695936</R12>
								<R20>0.147983</R20> <R21>0.680100</R21> <R22>0.718028</R22>
							</CoordinateFrame>
							<float name="MaskWeight">0</float>
							<string name="Name">RightUpperLeg</string>
							<float name="Weight">1</float>
						</Properties>
						<Item class="Pose" referent="RBX56">
							<Properties>
								<CoordinateFrame name="CFrame">
									<X>0.000000</X> <Y>0.000000</Y> <Z>0.000000</Z>
									<R00>1.000000</R00> <R01>0.000000</R01> <R02>-0.000000</R02>
									<R10>-0.000000</R10> <R11>0.283075</R11> <R12>0.959098</R12>
									<R20>0.000000</R20> <R21>-0.959098</R21> <R22>0.283075</R22>
								</CoordinateFrame>
								<float name="MaskWeight">0</float>
								<string name="Name">RightLowerLeg</string>
								<float name="Weight">1</float>
							</Properties>
							<Item class="Pose" referent="RBX57">
								<Properties>
									<CoordinateFrame name="CFrame">
										<X>0.000000</X> <Y>-0.000006</Y> <Z>0.075000</Z>
										<R00>0.998721</R00> <R01>0.046868</R01> <R02>0.018954</R02>
										<R10>-0.043181</R10> <R11>0.985795</R11> <R12>-0.162305</R12>
										<R20>-0.026291</R20> <R21>0.161279</R21> <R22>0.986558</R22>
									</CoordinateFrame>
									<float name="MaskWeight">0</float>
									<string name="Name">RightFoot</string>
									<float name="Weight">1</float>
								</Properties>
							</Item>
						</Item>
					</Item>
				</Item>
			</Item>
		</Item>
		<Item class="Keyframe" referent="RBX58">
			<Properties>
				<string name="Name">Keyframe</string>
				<float name="Time">0.125000</float>
			</Properties>
			<Item class="Pose" referent="RBX61">
				<Properties>
					<CoordinateFrame name="CFrame">
						<X>0.000000</X> <Y>0.000000</Y> <Z>0.000000</Z>
						<R00>1.000000</R00> <R01>0.000000</R01> <R02>0.000000</R02>
						<R10>0.000000</R10> <R11>1.000000</R11> <R12>0.000000</R12>
						<R20>0.000000</R20> <R21>0.000000</R21> <R22>1.000000</R22>
					</CoordinateFrame>
					<float name="MaskWeight">0</float>
					<string name="Name">HumanoidRootPart</string>
					<float name="Weight">1</float>
				</Properties>
				<Item class="Pose" referent="RBX62">
					<Properties>
						<CoordinateFrame name="CFrame">
							<X>-0.041902</X> <Y>0.867063</Y> <Z>0.013421</Z>
							<R00>0.998417</R00> <R01>-0.048843</R01> <R02>0.027888</R02>
							<R10>0.042901</R10> <R11>0.981992</R11> <R12>0.183985</R12>
							<R20>-0.036372</R20> <R21>-0.182497</R21> <R22>0.982533</R22>
						</CoordinateFrame>
						<float name="MaskWeight">0</float>
						<string name="Name">LowerTorso</string>
						<float name="Weight">1</float>
					</Properties>
					<Item class="Pose" referent="RBX63">
						<Properties>
							<CoordinateFrame name="CFrame">
								<X>-0.000000</X> <Y>0.000000</Y> <Z>0.000000</Z>
								<R00>0.998314</R00> <R01>0.030420</R01> <R02>-0.049438</R02>
								<R10>-0.020926</R10> <R11>0.983018</R11> <R12>0.182310</R12>
								<R20>0.054145</R20> <R21>-0.180968</R21> <R22>0.981997</R22>
							</CoordinateFrame>
							<float name="MaskWeight">0</float>
							<string name="Name">UpperTorso</string>
							<float name="Weight">1</float>
						</Properties>
						<Item class="Pose" referent="RBX64">
							<Properties>
								<CoordinateFrame name="CFrame">
									<X>0.000000</X> <Y>0.000000</Y> <Z>0.042861</Z>
									<R00>0.999837</R00> <R01>-0.009890</R01> <R02>0.015134</R02>
									<R10>0.006000</R10> <R11>0.971177</R11> <R12>0.238286</R12>
									<R20>-0.017055</R20> <R21>-0.238156</R21> <R22>0.971077</R22>
								</CoordinateFrame>
								<float name="MaskWeight">0</float>
								<string name="Name">Head</string>
								<float name="Weight">1</float>
							</Properties>
						</Item>
						<Item class="Pose" referent="RBX65">
							<Properties>
								<CoordinateFrame name="CFrame">
									<X>-0.000145</X> <Y>0.000084</Y> <Z>0.000000</Z>
									<R00>0.527250</R00> <R01>0.816747</R01> <R02>-0.234374</R02>
									<R10>0.088610</R10> <R11>-0.327175</R11> <R12>-0.940800</R12>
									<R20>-0.845077</R20> <R21>0.475269</R21> <R22>-0.244875</R22>
								</CoordinateFrame>
								<float name="MaskWeight">0</float>
								<string name="Name">LeftUpperArm</string>
								<float name="Weight">1</float>
							</Properties>
							<Item class="Pose" referent="RBX66">
								<Properties>
									<CoordinateFrame name="CFrame">
										<X>-0.000370</X> <Y>-0.000127</Y> <Z>0.000000</Z>
										<R00>0.999995</R00> <R01>-0.000495</R01> <R02>0.003139</R02>
										<R10>0.002056</R10> <R11>0.853929</R11> <R12>-0.520386</R12>
										<R20>-0.002422</R20> <R21>0.520390</R21> <R22>0.853925</R22>
									</CoordinateFrame>
									<float name="MaskWeight">0</float>
									<string name="Name">LeftLowerArm</string>
									<float name="Weight">1</float>
								</Properties>
								<Item class="Pose" referent="RBX67">
									<Properties>
										<CoordinateFrame name="CFrame">
											<X>-0.000000</X> <Y>0.102181</Y> <Z>-0.000000</Z>
											<R00>1.000000</R00> <R01>0.000000</R01> <R02>-0.000000</R02>
											<R10>0.000000</R10> <R11>1.000000</R11> <R12>0.000000</R12>
											<R20>-0.000000</R20> <R21>0.000000</R21> <R22>1.000000</R22>
										</CoordinateFrame>
										<float name="MaskWeight">0</float>
										<string name="Name">LeftHand</string>
										<float name="Weight">1</float>
									</Properties>
								</Item>
							</Item>
						</Item>
						<Item class="Pose" referent="RBX68">
							<Properties>
								<CoordinateFrame name="CFrame">
									<X>0.000013</X> <Y>-0.000023</Y> <Z>-0.000000</Z>
									<R00>0.815704</R00> <R01>-0.571150</R01> <R02>0.091729</R02>
									<R10>-0.260004</R10> <R11>-0.503646</R11> <R12>-0.823856</R12>
									<R20>0.516744</R20> <R21>0.648173</R21> <R22>-0.559327</R22>
								</CoordinateFrame>
								<float name="MaskWeight">0</float>
								<string name="Name">RightUpperArm</string>
								<float name="Weight">1</float>
							</Properties>
							<Item class="Pose" referent="RBX69">
								<Properties>
									<CoordinateFrame name="CFrame">
										<X>-0.000020</X> <Y>0.000018</Y> <Z>0.000000</Z>
										<R00>0.999777</R00> <R01>-0.017934</R01> <R02>-0.011161</R02>
										<R10>0.017102</R10> <R11>0.997358</R11> <R12>-0.070607</R12>
										<R20>0.012397</R20> <R21>0.070401</R21> <R22>0.997442</R22>
									</CoordinateFrame>
									<float name="MaskWeight">0</float>
									<string name="Name">RightLowerArm</string>
									<float name="Weight">1</float>
								</Properties>
								<Item class="Pose" referent="RBX70">
									<Properties>
										<CoordinateFrame name="CFrame">
											<X>0.000000</X> <Y>0.101975</Y> <Z>-0.000000</Z>
											<R00>1.000000</R00> <R01>0.000000</R01> <R02>-0.000000</R02>
											<R10>0.000000</R10> <R11>1.000000</R11> <R12>0.000000</R12>
											<R20>-0.000000</R20> <R21>-0.000000</R21> <R22>1.000000</R22>
										</CoordinateFrame>
										<float name="MaskWeight">0</float>
										<string name="Name">RightHand</string>
										<float name="Weight">1</float>
									</Properties>
								</Item>
							</Item>
						</Item>
					</Item>
					<Item class="Pose" referent="RBX71">
						<Properties>
							<CoordinateFrame name="CFrame">
								<X>-0.000200</X> <Y>0.000102</Y> <Z>0.015000</Z>
								<R00>0.996733</R00> <R01>0.079977</R01> <R02>-0.011285</R02>
								<R10>-0.066830</R10> <R11>0.738172</R11> <R12>-0.671295</R12>
								<R20>-0.045358</R20> <R21>0.669856</R21> <R22>0.741105</R22>
							</CoordinateFrame>
							<float name="MaskWeight">0</float>
							<string name="Name">LeftUpperLeg</string>
							<float name="Weight">1</float>
						</Properties>
						<Item class="Pose" referent="RBX72">
							<Properties>
								<CoordinateFrame name="CFrame">
									<X>-0.000000</X> <Y>-0.000400</Y> <Z>0.000178</Z>
									<R00>1.000000</R00> <R01>0.000006</R01> <R02>0.000013</R02>
									<R10>-0.000014</R10> <R11>0.441922</R11> <R12>0.897054</R12>
									<R20>-0.000001</R20> <R21>-0.897054</R21> <R22>0.441922</R22>
								</CoordinateFrame>
								<float name="MaskWeight">0</float>
								<string name="Name">LeftLowerLeg</string>
								<float name="Weight">1</float>
							</Properties>
							<Item class="Pose" referent="RBX73">
								<Properties>
									<CoordinateFrame name="CFrame">
										<X>-0.000001</X> <Y>0.000000</Y> <Z>0.075000</Z>
										<R00>0.999089</R00> <R01>0.040422</R01> <R02>0.013667</R02>
										<R10>-0.039176</R10> <R11>0.995896</R11> <R12>-0.081592</R12>
										<R20>-0.016909</R20> <R21>0.080982</R21> <R22>0.996572</R22>
									</CoordinateFrame>
									<float name="MaskWeight">0</float>
									<string name="Name">LeftFoot</string>
									<float name="Weight">1</float>
								</Properties>
							</Item>
						</Item>
					</Item>
					<Item class="Pose" referent="RBX74">
						<Properties>
							<CoordinateFrame name="CFrame">
								<X>0.000200</X> <Y>0.000307</Y> <Z>0.015000</Z>
								<R00>0.983222</R00> <R01>-0.181240</R01> <R02>-0.020666</R02>
								<R10>0.119874</R10> <R11>0.727359</R11> <R12>-0.675707</R12>
								<R20>0.137497</R20> <R21>0.661892</R21> <R22>0.736881</R22>
							</CoordinateFrame>
							<float name="MaskWeight">0</float>
							<string name="Name">RightUpperLeg</string>
							<float name="Weight">1</float>
						</Properties>
						<Item class="Pose" referent="RBX75">
							<Properties>
								<CoordinateFrame name="CFrame">
									<X>0.000000</X> <Y>0.000000</Y> <Z>0.000000</Z>
									<R00>1.000000</R00> <R01>0.000000</R01> <R02>-0.000000</R02>
									<R10>-0.000000</R10> <R11>0.302255</R11> <R12>0.953227</R12>
									<R20>0.000000</R20> <R21>-0.953227</R21> <R22>0.302255</R22>
								</CoordinateFrame>
								<float name="MaskWeight">0</float>
								<string name="Name">RightLowerLeg</string>
								<float name="Weight">1</float>
							</Properties>
							<Item class="Pose" referent="RBX76">
								<Properties>
									<CoordinateFrame name="CFrame">
										<X>-0.000000</X> <Y>-0.000006</Y> <Z>0.075000</Z>
										<R00>0.998721</R00> <R01>0.046868</R01> <R02>0.018954</R02>
										<R10>-0.043181</R10> <R11>0.985795</R11> <R12>-0.162305</R12>
										<R20>-0.026291</R20> <R21>0.161279</R21> <R22>0.986558</R22>
									</CoordinateFrame>
									<float name="MaskWeight">0</float>
									<string name="Name">RightFoot</string>
									<float name="Weight">1</float>
								</Properties>
							</Item>
						</Item>
					</Item>
				</Item>
			</Item>
		</Item>
		<Item class="Keyframe" referent="RBX77">
			<Properties>
				<string name="Name">Keyframe</string>
				<float name="Time">0.166667</float>
			</Properties>
			<Item class="Pose" referent="RBX80">
				<Properties>
					<CoordinateFrame name="CFrame">
						<X>0.000000</X> <Y>0.000000</Y> <Z>0.000000</Z>
						<R00>1.000000</R00> <R01>0.000000</R01> <R02>0.000000</R02>
						<R10>0.000000</R10> <R11>1.000000</R11> <R12>0.000000</R12>
						<R20>0.000000</R20> <R21>0.000000</R21> <R22>1.000000</R22>
					</CoordinateFrame>
					<float name="MaskWeight">0</float>
					<string name="Name">HumanoidRootPart</string>
					<float name="Weight">1</float>
				</Properties>
				<Item class="Pose" referent="RBX81">
					<Properties>
						<CoordinateFrame name="CFrame">
							<X>-0.024797</X> <Y>0.867063</Y> <Z>-0.001190</Z>
							<R00>0.998417</R00> <R01>-0.048843</R01> <R02>0.027888</R02>
							<R10>0.042901</R10> <R11>0.981992</R11> <R12>0.183985</R12>
							<R20>-0.036372</R20> <R21>-0.182497</R21> <R22>0.982533</R22>
						</CoordinateFrame>
						<float name="MaskWeight">0</float>
						<string name="Name">LowerTorso</string>
						<float name="Weight">1</float>
					</Properties>
					<Item class="Pose" referent="RBX82">
						<Properties>
							<CoordinateFrame name="CFrame">
								<X>-0.000000</X> <Y>0.000000</Y> <Z>0.000000</Z>
								<R00>0.998777</R00> <R01>0.015325</R01> <R02>-0.047014</R02>
								<R10>-0.005426</R10> <R11>0.978989</R11> <R12>0.203842</R12>
								<R20>0.049150</R20> <R21>-0.203337</R21> <R22>0.977874</R22>
							</CoordinateFrame>
							<float name="MaskWeight">0</float>
							<string name="Name">UpperTorso</string>
							<float name="Weight">1</float>
						</Properties>
						<Item class="Pose" referent="RBX83">
							<Properties>
								<CoordinateFrame name="CFrame">
									<X>0.000000</X> <Y>0.000000</Y> <Z>0.042861</Z>
									<R00>0.999864</R00> <R01>-0.012750</R01> <R02>0.010430</R02>
									<R10>0.009933</R10> <R11>0.971759</R11> <R12>0.235767</R12>
									<R20>-0.013141</R20> <R21>-0.235631</R21> <R22>0.971754</R22>
								</CoordinateFrame>
								<float name="MaskWeight">0</float>
								<string name="Name">Head</string>
								<float name="Weight">1</float>
							</Properties>
						</Item>
						<Item class="Pose" referent="RBX84">
							<Properties>
								<CoordinateFrame name="CFrame">
									<X>-0.000145</X> <Y>0.000084</Y> <Z>0.000000</Z>
									<R00>0.533763</R00> <R01>0.816017</R01> <R02>-0.221839</R02>
									<R10>0.059625</R10> <R11>-0.297999</R11> <R12>-0.952702</R12>
									<R20>-0.843529</R20> <R21>0.495290</R21> <R22>-0.207716</R22>
								</CoordinateFrame>
								<float name="MaskWeight">0</float>
								<string name="Name">LeftUpperArm</string>
