<roblox xmlns:xmime="http://www.w3.org/2005/05/xmlmime" xmlns:xsi="http://www.w3.org/2001/XMLSchema-instance" xsi:noNamespaceSchemaLocation="http://www.mulrbx.com/roblox.xsd" version="4" assettype="animation">
   <External>null</External>
   <External>nil</External>
   <Item class="KeyframeSequence" referent="RBX0">
		<Properties>
			<bool name="Loop">true</bool>
			<string name="Name">Test</string>
			<token name="Priority">1000</token>
		</Properties>
		<Item class="Keyframe" referent="RBX1">
			<Properties>
				<string name="Name">Keyframe</string>
				<float name="Time">0.000000</float>
			</Properties>
			<Item class="Pose" referent="RBX4">
				<Properties>
					<CoordinateFrame name="CFrame">
						<X>0.000000</X> <Y>0.000000</Y> <Z>0.000000</Z>
						<R00>1.000000</R00> <R01>0.000000</R01> <R02>0.000000</R02>
						<R10>0.000000</R10> <R11>1.000000</R11> <R12>0.000000</R12>
						<R20>0.000000</R20> <R21>0.000000</R21> <R22>1.000000</R22>
					</CoordinateFrame>
					<float name="MaskWeight">0</float>
					<string name="Name">HumanoidRootPart</string>
					<float name="Weight">1</float>
				</Properties>
				<Item class="Pose" referent="RBX5">
					<Properties>
						<CoordinateFrame name="CFrame">
							<X>0.087138</X> <Y>-0.314959</Y> <Z>0.684108</Z>
							<R00>1.000000</R00> <R01>0.000000</R01> <R02>0.000000</R02>
							<R10>0.000000</R10> <R11>0.985238</R11> <R12>-0.171192</R12>
							<R20>0.000000</R20> <R21>0.171192</R21> <R22>0.985238</R22>
						</CoordinateFrame>
						<float name="MaskWeight">0</float>
						<string name="Name">LowerTorso</string>
						<float name="Weight">1</float>
					</Properties>
					<Item class="Pose" referent="RBX6">
						<Properties>
							<CoordinateFrame name="CFrame">
								<X>0.000000</X> <Y>0.000000</Y> <Z>0.000000</Z>
								<R00>0.999363</R00> <R01>0.035535</R01> <R02>0.003372</R02>
								<R10>-0.034976</R10> <R11>0.955976</R11> <R12>0.291352</R12>
								<R20>0.007129</R20> <R21>-0.291284</R21> <R22>0.956610</R22>
							</CoordinateFrame>
							<float name="MaskWeight">0</float>
							<string name="Name">UpperTorso</string>
							<float name="Weight">1</float>
						</Properties>
						<Item class="Pose" referent="RBX7">
							<Properties>
								<CoordinateFrame name="CFrame">
									<X>0.000000</X> <Y>0.000000</Y> <Z>0.042861</Z>
									<R00>0.987971</R00> <R01>-0.153953</R01> <R02>-0.014553</R02>
									<R10>0.122955</R10> <R11>0.839131</R11> <R12>-0.529850</R12>
									<R20>0.093784</R20> <R21>0.521687</R21> <R22>0.847966</R22>
								</CoordinateFrame>
								<float name="MaskWeight">0</float>
								<string name="Name">Head</string>
								<float name="Weight">1</float>
							</Properties>
						</Item>
						<Item class="Pose" referent="RBX8">
							<Properties>
								<CoordinateFrame name="CFrame">
									<X>-0.000145</X> <Y>0.000084</Y> <Z>0.000000</Z>
									<R00>0.685763</R00> <R01>0.726204</R01> <R02>0.048550</R02>
									<R10>0.693765</R10> <R11>-0.632049</R11> <R12>-0.345260</R12>
									<R20>-0.220043</R20> <R21>0.270449</R21> <R22>-0.937250</R22>
								</CoordinateFrame>
								<float name="MaskWeight">0</float>
								<string name="Name">LeftUpperArm</string>
								<float name="Weight">1</float>
							</Properties>
							<Item class="Pose" referent="RBX9">
								<Properties>
									<CoordinateFrame name="CFrame">
										<X>-0.000370</X> <Y>-0.000127</Y> <Z>0.000000</Z>
										<R00>0.999988</R00> <R01>0.004903</R01> <R02>0.000400</R02>
										<R10>-0.004859</R10> <R11>0.997157</R11> <R12>-0.075198</R12>
										<R20>-0.000767</R20> <R21>0.075195</R21> <R22>0.997169</R22>
									</CoordinateFrame>
									<float name="MaskWeight">0</float>
									<string name="Name">LeftLowerArm</string>
									<float name="Weight">1</float>
								</Properties>
								<Item class="Pose" referent="RBX10">
									<Properties>
										<CoordinateFrame name="CFrame">
											<X>0.000000</X> <Y>0.102181</Y> <Z>0.000000</Z>
											<R00>1.000000</R00> <R01>-0.000000</R01> <R02>0.000000</R02>
											<R10>0.000000</R10> <R11>1.000000</R11> <R12>0.000000</R12>
											<R20>-0.000000</R20> <R21>0.000000</R21> <R22>1.000000</R22>
										</CoordinateFrame>
										<float name="MaskWeight">0</float>
										<string name="Name">LeftHand</string>
										<float name="Weight">1</float>
									</Properties>
								</Item>
							</Item>
						</Item>
						<Item class="Pose" referent="RBX11">
							<Properties>
								<CoordinateFrame name="CFrame">
									<X>0.000013</X> <Y>-0.000024</Y> <Z>-0.000000</Z>
									<R00>0.787291</R00> <R01>-0.258020</R01> <R02>-0.559999</R02>
									<R10>-0.095486</R10> <R11>0.846254</R11> <R12>-0.524154</R12>
									<R20>0.609143</R20> <R21>0.466133</R21> <R22>0.641611</R22>
								</CoordinateFrame>
								<float name="MaskWeight">0</float>
								<string name="Name">RightUpperArm</string>
								<float name="Weight">1</float>
							</Properties>
							<Item class="Pose" referent="RBX12">
								<Properties>
									<CoordinateFrame name="CFrame">
										<X>-0.000020</X> <Y>0.000018</Y> <Z>0.000000</Z>
										<R00>1.000000</R00> <R01>0.000000</R01> <R02>0.000000</R02>
										<R10>-0.000000</R10> <R11>0.871685</R11> <R12>-0.490066</R12>
										<R20>0.000000</R20> <R21>0.490066</R21> <R22>0.871685</R22>
									</CoordinateFrame>
									<float name="MaskWeight">0</float>
									<string name="Name">RightLowerArm</string>
									<float name="Weight">1</float>
								</Properties>
								<Item class="Pose" referent="RBX13">
									<Properties>
										<CoordinateFrame name="CFrame">
											<X>0.000000</X> <Y>0.101975</Y> <Z>0.000000</Z>
											<R00>1.000000</R00> <R01>0.000000</R01> <R02>0.000000</R02>
											<R10>0.000000</R10> <R11>1.000000</R11> <R12>0.000000</R12>
											<R20>-0.000000</R20> <R21>0.000000</R21> <R22>1.000000</R22>
										</CoordinateFrame>
										<float name="MaskWeight">0</float>
										<string name="Name">RightHand</string>
										<float name="Weight">1</float>
									</Properties>
								</Item>
							</Item>
						</Item>
					</Item>
					<Item class="Pose" referent="RBX14">
						<Properties>
							<CoordinateFrame name="CFrame">
								<X>-0.000200</X> <Y>0.000102</Y> <Z>0.015000</Z>
								<R00>0.997135</R00> <R01>0.067401</R01> <R02>-0.034329</R02>
								<R10>-0.074665</R10> <R11>0.804446</R11> <R12>-0.589314</R12>
								<R20>-0.012105</R20> <R21>0.590189</R21> <R22>0.807174</R22>
							</CoordinateFrame>
							<float name="MaskWeight">0</float>
							<string name="Name">LeftUpperLeg</string>
							<float name="Weight">1</float>
						</Properties>
						<Item class="Pose" referent="RBX15">
							<Properties>
								<CoordinateFrame name="CFrame">
									<X>-0.000000</X> <Y>-0.025238</Y> <Z>0.000178</Z>
									<R00>1.000000</R00> <R01>0.000005</R01> <R02>0.000002</R02>
									<R10>-0.000005</R10> <R11>0.918164</R11> <R12>0.396200</R12>
									<R20>-0.000000</R20> <R21>-0.396200</R21> <R22>0.918164</R22>
								</CoordinateFrame>
								<float name="MaskWeight">0</float>
								<string name="Name">LeftLowerLeg</string>
								<float name="Weight">1</float>
							</Properties>
							<Item class="Pose" referent="RBX16">
								<Properties>
									<CoordinateFrame name="CFrame">
										<X>-0.000001</X> <Y>0.000000</Y> <Z>0.075000</Z>
										<R00>0.997135</R00> <R01>-0.071491</R01> <R02>-0.024722</R02>
										<R10>0.075492</R10> <R11>0.919729</R11> <R12>0.385225</R12>
										<R20>-0.004803</R20> <R21>-0.385988</R21> <R22>0.922491</R22>
									</CoordinateFrame>
									<float name="MaskWeight">0</float>
									<string name="Name">LeftFoot</string>
									<float name="Weight">1</float>
								</Properties>
							</Item>
						</Item>
					</Item>
					<Item class="Pose" referent="RBX17">
						<Properties>
							<CoordinateFrame name="CFrame">
								<X>0.000000</X> <Y>0.000007</Y> <Z>0.015300</Z>
								<R00>0.998730</R00> <R01>-0.024026</R01> <R02>0.044287</R02>
								<R10>0.043859</R10> <R11>-0.018079</R11> <R12>-0.998874</R12>
								<R20>0.024800</R20> <R21>0.999548</R21> <R22>-0.017003</R22>
							</CoordinateFrame>
							<float name="MaskWeight">0</float>
							<string name="Name">RightUpperLeg</string>
							<float name="Weight">1</float>
						</Properties>
						<Item class="Pose" referent="RBX18">
							<Properties>
								<CoordinateFrame name="CFrame">
									<X>0.000000</X> <Y>-0.000000</Y> <Z>0.000000</Z>
									<R00>1.000000</R00> <R01>0.000000</R01> <R02>-0.000000</R02>
									<R10>0.000000</R10> <R11>-0.009051</R11> <R12>0.999959</R12>
									<R20>-0.000000</R20> <R21>-0.999959</R21> <R22>-0.009051</R22>
								</CoordinateFrame>
								<float name="MaskWeight">0</float>
								<string name="Name">RightLowerLeg</string>
								<float name="Weight">1</float>
							</Properties>
							<Item class="Pose" referent="RBX19">
								<Properties>
									<CoordinateFrame name="CFrame">
										<X>0.000000</X> <Y>-0.000006</Y> <Z>0.075000</Z>
										<R00>0.998730</R00> <R01>0.038944</R01> <R02>0.031968</R02>
										<R10>-0.044052</R10> <R11>0.982889</R11> <R12>0.178857</R12>
										<R20>-0.024456</R20> <R21>-0.180038</R21> <R22>0.983356</R22>
									</CoordinateFrame>
									<float name="MaskWeight">0</float>
									<string name="Name">RightFoot</string>
									<float name="Weight">1</float>
								</Properties>
							</Item>
						</Item>
					</Item>
				</Item>
			</Item>
		</Item>
		<Item class="Keyframe" referent="RBX23">
			<Properties>
				<string name="Name">Keyframe</string>
				<float name="Time">0.041667</float>
			</Properties>
			<Item class="Pose" referent="RBX26">
				<Properties>
					<CoordinateFrame name="CFrame">
						<X>0.000000</X> <Y>0.000000</Y> <Z>0.000000</Z>
						<R00>1.000000</R00> <R01>0.000000</R01> <R02>0.000000</R02>
						<R10>0.000000</R10> <R11>1.000000</R11> <R12>0.000000</R12>
						<R20>0.000000</R20> <R21>0.000000</R21> <R22>1.000000</R22>
					</CoordinateFrame>
					<float name="MaskWeight">0</float>
					<string name="Name">HumanoidRootPart</string>
					<float name="Weight">1</float>
				</Properties>
				<Item class="Pose" referent="RBX27">
					<Properties>
						<CoordinateFrame name="CFrame">
							<X>0.084585</X> <Y>-0.304674</Y> <Z>0.691130</Z>
							<R00>0.999907</R00> <R01>0.000023</R01> <R02>-0.013625</R02>
							<R10>-0.002358</R10> <R11>0.985204</R11> <R12>-0.171371</R12>
							<R20>0.013420</R20> <R21>0.171388</R21> <R22>0.985112</R22>
						</CoordinateFrame>
						<float name="MaskWeight">0</float>
						<string name="Name">LowerTorso</string>
						<float name="Weight">1</float>
					</Properties>
					<Item class="Pose" referent="RBX28">
						<Properties>
							<CoordinateFrame name="CFrame">
								<X>0.000000</X> <Y>0.000000</Y> <Z>0.000000</Z>
								<R00>0.999407</R00> <R01>0.032869</R01> <R02>-0.010241</R02>
								<R10>-0.028448</R10> <R11>0.955987</R11> <R12>0.292027</R12>
								<R20>0.019389</R20> <R21>-0.291562</R21> <R22>0.956355</R22>
							</CoordinateFrame>
							<float name="MaskWeight">0</float>
							<string name="Name">UpperTorso</string>
							<float name="Weight">1</float>
						</Properties>
						<Item class="Pose" referent="RBX29">
							<Properties>
								<CoordinateFrame name="CFrame">
									<X>0.000000</X> <Y>0.000000</Y> <Z>0.042861</Z>
									<R00>0.990283</R00> <R01>-0.139014</R01> <R02>0.003915</R02>
									<R10>0.120440</R10> <R11>0.843219</R11> <R12>-0.523905</R12>
									<R20>0.069529</R20> <R21>0.519286</R21> <R22>0.851768</R22>
								</CoordinateFrame>
								<float name="MaskWeight">0</float>
								<string name="Name">Head</string>
								<float name="Weight">1</float>
							</Properties>
						</Item>
						<Item class="Pose" referent="RBX30">
							<Properties>
								<CoordinateFrame name="CFrame">
									<X>-0.000144</X> <Y>0.000084</Y> <Z>0.000000</Z>
									<R00>0.689615</R00> <R01>0.722333</R01> <R02>0.051622</R02>
									<R10>0.679006</R10> <R11>-0.620174</R11> <R12>-0.392855</R12>
									<R20>-0.251757</R20> <R21>0.305971</R21> <R22>-0.918150</R22>
								</CoordinateFrame>
								<float name="MaskWeight">0</float>
								<string name="Name">LeftUpperArm</string>
								<float name="Weight">1</float>
							</Properties>
							<Item class="Pose" referent="RBX31">
								<Properties>
									<CoordinateFrame name="CFrame">
										<X>-0.000370</X> <Y>-0.000127</Y> <Z>0.000000</Z>
										<R00>0.999984</R00> <R01>0.005546</R01> <R02>-0.000770</R02>
										<R10>-0.005599</R10> <R11>0.991584</R11> <R12>-0.129342</R12>
										<R20>0.000046</R20> <R21>0.129344</R21> <R22>0.991600</R22>
									</CoordinateFrame>
									<float name="MaskWeight">0</float>
									<string name="Name">LeftLowerArm</string>
									<float name="Weight">1</float>
								</Properties>
								<Item class="Pose" referent="RBX32">
									<Properties>
										<CoordinateFrame name="CFrame">
											<X>-0.000000</X> <Y>0.102181</Y> <Z>-0.000000</Z>
											<R00>1.000000</R00> <R01>0.000000</R01> <R02>0.000000</R02>
											<R10>-0.000000</R10> <R11>1.000000</R11> <R12>0.000000</R12>
											<R20>0.000000</R20> <R21>0.000000</R21> <R22>1.000000</R22>
										</CoordinateFrame>
										<float name="MaskWeight">0</float>
										<string name="Name">LeftHand</string>
										<float name="Weight">1</float>
									</Properties>
								</Item>
							</Item>
						</Item>
						<Item class="Pose" referent="RBX33">
							<Properties>
								<CoordinateFrame name="CFrame">
									<X>0.000013</X> <Y>-0.000024</Y> <Z>0.000000</Z>
									<R00>0.760323</R00> <R01>-0.300109</R01> <R02>-0.576059</R02>
									<R10>-0.088842</R10> <R11>0.830482</R11> <R12>-0.549915</R12>
									<R20>0.643441</R20> <R21>0.469291</R21> <R22>0.604772</R22>
								</CoordinateFrame>
								<float name="MaskWeight">0</float>
								<string name="Name">RightUpperArm</string>
								<float name="Weight">1</float>
							</Properties>
							<Item class="Pose" referent="RBX34">
								<Properties>
									<CoordinateFrame name="CFrame">
										<X>-0.000020</X> <Y>0.000018</Y> <Z>-0.000000</Z>
										<R00>0.999667</R00> <R01>0.017943</R01> <R02>0.018559</R02>
										<R10>-0.007332</R10> <R11>0.886687</R11> <R12>-0.462311</R12>
										<R20>-0.024752</R20> <R21>0.462021</R21> <R22>0.886524</R22>
									</CoordinateFrame>
									<float name="MaskWeight">0</float>
									<string name="Name">RightLowerArm</string>
									<float name="Weight">1</float>
								</Properties>
								<Item class="Pose" referent="RBX35">
									<Properties>
										<CoordinateFrame name="CFrame">
											<X>0.000000</X> <Y>0.101975</Y> <Z>0.000000</Z>
											<R00>1.000000</R00> <R01>0.000000</R01> <R02>0.000000</R02>
											<R10>-0.000000</R10> <R11>1.000000</R11> <R12>0.000000</R12>
											<R20>-0.000000</R20> <R21>0.000000</R21> <R22>1.000000</R22>
										</CoordinateFrame>
										<float name="MaskWeight">0</float>
										<string name="Name">RightHand</string>
										<float name="Weight">1</float>
									</Properties>
								</Item>
							</Item>
						</Item>
					</Item>
					<Item class="Pose" referent="RBX36">
						<Properties>
							<CoordinateFrame name="CFrame">
								<X>-0.000200</X> <Y>0.000102</Y> <Z>0.015000</Z>
								<R00>0.996963</R00> <R01>0.073300</R01> <R02>-0.026319</R02>
								<R10>-0.074311</R10> <R11>0.794148</R11> <R12>-0.603164</R12>
								<R20>-0.023311</R20> <R21>0.603288</R21> <R22>0.797183</R22>
							</CoordinateFrame>
							<float name="MaskWeight">0</float>
							<string name="Name">LeftUpperLeg</string>
							<float name="Weight">1</float>
						</Properties>
						<Item class="Pose" referent="RBX37">
							<Properties>
								<CoordinateFrame name="CFrame">
									<X>-0.000000</X> <Y>-0.025238</Y> <Z>0.000178</Z>
									<R00>1.000000</R00> <R01>0.000006</R01> <R02>0.000004</R02>
									<R10>-0.000007</R10> <R11>0.864260</R11> <R12>0.503045</R12>
									<R20>-0.000000</R20> <R21>-0.503045</R21> <R22>0.864260</R22>
								</CoordinateFrame>
								<float name="MaskWeight">0</float>
								<string name="Name">LeftLowerLeg</string>
								<float name="Weight">1</float>
							</Properties>
							<Item class="Pose" referent="RBX38">
								<Properties>
									<CoordinateFrame name="CFrame">
										<X>-0.000002</X> <Y>-0.000000</Y> <Z>0.075000</Z>
										<R00>0.997186</R00> <R01>-0.070048</R01> <R02>-0.026721</R02>
										<R10>0.074969</R10> <R11>0.934588</R11> <R12>0.347743</R12>
										<R20>0.000614</R20> <R21>-0.348768</R21> <R22>0.937209</R22>
									</CoordinateFrame>
									<float name="MaskWeight">0</float>
									<string name="Name">LeftFoot</string>
									<float name="Weight">1</float>
								</Properties>
							</Item>
						</Item>
					</Item>
					<Item class="Pose" referent="RBX39">
						<Properties>
							<CoordinateFrame name="CFrame">
								<X>0.000000</X> <Y>0.000007</Y> <Z>0.015300</Z>
								<R00>0.998948</R00> <R01>-0.012787</R01> <R02>0.044029</R02>
								<R10>0.044724</R10> <R11>0.060332</R11> <R12>-0.997176</R12>
								<R20>0.010095</R20> <R21>0.998096</R21> <R22>0.060840</R22>
							</CoordinateFrame>
							<float name="MaskWeight">0</float>
							<string name="Name">RightUpperLeg</string>
							<float name="Weight">1</float>
						</Properties>
						<Item class="Pose" referent="RBX40">
							<Properties>
								<CoordinateFrame name="CFrame">
									<X>-0.000000</X> <Y>0.000000</Y> <Z>0.000000</Z>
									<R00>1.000000</R00> <R01>-0.000000</R01> <R02>-0.000000</R02>
									<R10>-0.000000</R10> <R11>0.074133</R11> <R12>0.997248</R12>
									<R20>0.000000</R20> <R21>-0.997248</R21> <R22>0.074133</R22>
								</CoordinateFrame>
								<float name="MaskWeight">0</float>
								<string name="Name">RightLowerLeg</string>
								<float name="Weight">1</float>
							</Properties>
							<Item class="Pose" referent="RBX41">
								<Properties>
									<CoordinateFrame name="CFrame">
										<X>0.000000</X> <Y>-0.000006</Y> <Z>0.075000</Z>
										<R00>0.998719</R00> <R01>0.039962</R01> <R02>0.031043</R02>
										<R10>-0.045001</R10> <R11>0.981948</R11> <R12>0.183718</R12>
										<R20>-0.023141</R20> <R21>-0.184880</R21> <R22>0.982489</R22>
									</CoordinateFrame>
									<float name="MaskWeight">0</float>
									<string name="Name">RightFoot</string>
									<float name="Weight">1</float>
								</Properties>
							</Item>
						</Item>
					</Item>
				</Item>
			</Item>
		</Item>
		<Item class="Keyframe" referent="RBX45">
			<Properties>
				<string name="Name">Keyframe</string>
				<float name="Time">0.083333</float>
			</Properties>
			<Item class="Pose" referent="RBX48">
				<Properties>
					<CoordinateFrame name="CFrame">
						<X>0.000000</X> <Y>0.000000</Y> <Z>0.000000</Z>
						<R00>1.000000</R00> <R01>0.000000</R01> <R02>0.000000</R02>
						<R10>0.000000</R10> <R11>1.000000</R11> <R12>0.000000</R12>
						<R20>0.000000</R20> <R21>0.000000</R21> <R22>1.000000</R22>
					</CoordinateFrame>
					<float name="MaskWeight">0</float>
					<string name="Name">HumanoidRootPart</string>
					<float name="Weight">1</float>
				</Properties>
				<Item class="Pose" referent="RBX49">
					<Properties>
						<CoordinateFrame name="CFrame">
							<X>0.077526</X> <Y>-0.278963</Y> <Z>0.708686</Z>
							<R00>0.998863</R00> <R01>0.000058</R01> <R02>-0.047672</R02>
							<R10>-0.008244</R10> <R11>0.985142</R11> <R12>-0.171543</R12>
							<R20>0.046953</R20> <R21>0.171741</R21> <R22>0.984023</R22>
						</CoordinateFrame>
						<float name="MaskWeight">0</float>
						<string name="Name">LowerTorso</string>
						<float name="Weight">1</float>
					</Properties>
					<Item class="Pose" referent="RBX50">
						<Properties>
							<CoordinateFrame name="CFrame">
								<X>-0.000000</X> <Y>0.000000</Y> <Z>0.000000</Z>
								<R00>0.998675</R00> <R01>0.026238</R01> <R02>-0.044281</R02>
								<R10>-0.012126</R10> <R11>0.956038</R11> <R12>0.292991</R12>
								<R20>0.050021</R20> <R21>-0.292066</R21> <R22>0.955089</R22>
							</CoordinateFrame>
							<float name="MaskWeight">0</float>
							<string name="Name">UpperTorso</string>
							<float name="Weight">1</float>
						</Properties>
						<Item class="Pose" referent="RBX51">
							<Properties>
								<CoordinateFrame name="CFrame">
									<X>0.000000</X> <Y>0.000000</Y> <Z>0.042861</Z>
									<R00>0.993538</R00> <R01>-0.101666</R01> <R02>0.050468</R02>
									<R10>0.113167</R10> <R11>0.853032</R11> <R12>-0.509440</R12>
									<R20>0.008742</R20> <R21>0.511860</R21> <R22>0.859025</R22>
								</CoordinateFrame>
								<float name="MaskWeight">0</float>
								<string name="Name">Head</string>
								<float name="Weight">1</float>
							</Properties>
						</Item>
						<Item class="Pose" referent="RBX52">
							<Properties>
								<CoordinateFrame name="CFrame">
									<X>-0.000145</X> <Y>0.000084</Y> <Z>0.000000</Z>
									<R00>0.696486</R00> <R01>0.715024</R01> <R02>0.060407</R02>
									<R10>0.636799</R10> <R11>-0.577091</R11> <R12>-0.511326</R12>
									<R20>-0.330749</R20> <R21>0.394598</R21> <R22>-0.857261</R22>
								</CoordinateFrame>
								<float name="MaskWeight">0</float>
								<string name="Name">LeftUpperArm</string>
								<float name="Weight">1</float>
							</Properties>
							<Item class="Pose" referent="RBX53">
								<Properties>
									<CoordinateFrame name="CFrame">
										<X>-0.000370</X> <Y>-0.000127</Y> <Z>0.000000</Z>
										<R00>0.999970</R00> <R01>0.006641</R01> <R02>-0.003963</R02>
										<R10>-0.007448</R10> <R11>0.964857</R11> <R12>-0.262669</R12>
										<R20>0.002079</R20> <R21>0.262691</R21> <R22>0.964878</R22>
									</CoordinateFrame>
									<float name="MaskWeight">0</float>
									<string name="Name">LeftLowerArm</string>
									<float name="Weight">1</float>
								</Properties>
								<Item class="Pose" referent="RBX54">
									<Properties>
										<CoordinateFrame name="CFrame">
											<X>0.000000</X> <Y>0.102181</Y> <Z>0.000000</Z>
											<R00>1.000000</R00> <R01>-0.000000</R01> <R02>0.000000</R02>
											<R10>-0.000000</R10> <R11>1.000000</R11> <R12>0.000000</R12>
											<R20>0.000000</R20> <R21>0.000000</R21> <R22>1.000000</R22>
										</CoordinateFrame>
										<float name="MaskWeight">0</float>
										<string name="Name">LeftHand</string>
										<float name="Weight">1</float>
									</Properties>
								</Item>
							</Item>
						</Item>
						<Item class="Pose" referent="RBX55">
							<Properties>
								<CoordinateFrame name="CFrame">
									<X>0.000013</X> <Y>-0.000023</Y> <Z>0.000000</Z>
									<R00>0.685574</R00> <R01>-0.411717</R01> <R02>-0.600398</R02>
									<R10>-0.074725</R10> <R11>0.780566</R11> <R12>-0.620591</R12>
									<R20>0.724158</R20> <R21>0.470325</R21> <R22>0.504370</R22>
								</CoordinateFrame>
								<float name="MaskWeight">0</float>
								<string name="Name">RightUpperArm</string>
								<float name="Weight">1</float>
							</Properties>
							<Item class="Pose" referent="RBX56">
								<Properties>
									<CoordinateFrame name="CFrame">
										<X>-0.000020</X> <Y>0.000018</Y> <Z>0.000000</Z>
										<R00>0.997281</R00> <R01>0.048026</R01> <R02>0.055894</R02>
										<R10>-0.020903</R10> <R11>0.911670</R11> <R12>-0.410390</R12>
										<R20>-0.070667</R20> <R21>0.408106</R21> <R22>0.910195</R22>
									</CoordinateFrame>
									<float name="MaskWeight">0</float>
									<string name="Name">RightLowerArm</string>
									<float name="Weight">1</float>
								</Properties>
								<Item class="Pose" referent="RBX57">
									<Properties>
										<CoordinateFrame name="CFrame">
											<X>0.000000</X> <Y>0.101975</Y> <Z>0.000000</Z>
											<R00>1.000000</R00> <R01>0.000000</R01> <R02>0.000000</R02>
											<R10>0.000000</R10> <R11>1.000000</R11> <R12>-0.000000</R12>
											<R20>0.000000</R20> <R21>-0.000000</R21> <R22>1.000000</R22>
										</CoordinateFrame>
										<float name="MaskWeight">0</float>
										<string name="Name">RightHand</string>
										<float name="Weight">1</float>
									</Properties>
								</Item>
							</Item>
						</Item>
					</Item>
					<Item class="Pose" referent="RBX58">
						<Properties>
							<CoordinateFrame name="CFrame">
								<X>-0.000200</X> <Y>0.000102</Y> <Z>0.015000</Z>
								<R00>0.996138</R00> <R01>0.087804</R01> <R02>-0.000099</R02>
								<R10>-0.072026</R10> <R11>0.816499</R11> <R12>-0.572837</R12>
								<R20>-0.050217</R20> <R21>0.570631</R21> <R22>0.819670</R22>
							</CoordinateFrame>
							<float name="MaskWeight">0</float>
							<string name="Name">LeftUpperLeg</string>
							<float name="Weight">1</float>
						</Properties>
						<Item class="Pose" referent="RBX59">
							<Properties>
								<CoordinateFrame name="CFrame">
									<X>-0.000000</X> <Y>-0.025238</Y> <Z>0.000178</Z>
									<R00>1.000000</R00> <R01>0.000007</R01> <R02>0.000006</R02>
									<R10>-0.000009</R10> <R11>0.789075</R11> <R12>0.614297</R12>
									<R20>-0.000000</R20> <R21>-0.614297</R21> <R22>0.789075</R22>
								</CoordinateFrame>
								<float name="MaskWeight">0</float>
								<string name="Name">LeftLowerLeg</string>
								<float name="Weight">1</float>
							</Properties>
							<Item class="Pose" referent="RBX60">
								<Properties>
									<CoordinateFrame name="CFrame">
										<X>-0.000001</X> <Y>0.000000</Y> <Z>0.075000</Z>
										<R00>0.997395</R00> <R01>-0.066422</R01> <R02>-0.028133</R02>
										<R10>0.071861</R10> <R11>0.948846</R11> <R12>0.307453</R12>
										<R20>0.006272</R20> <R21>-0.308674</R21> <R22>0.951147</R22>
									</CoordinateFrame>
									<float name="MaskWeight">0</float>
									<string name="Name">LeftFoot</string>
									<float name="Weight">1</float>
								</Properties>
							</Item>
						</Item>
					</Item>
					<Item class="Pose" referent="RBX61">
						<Properties>
							<CoordinateFrame name="CFrame">
								<X>0.000000</X> <Y>0.000007</Y> <Z>0.015300</Z>
								<R00>0.998536</R00> <R01>0.015868</R01> <R02>0.051718</R02>
								<R10>0.048485</R10> <R11>0.161500</R11> <R12>-0.985681</R12>
								<R20>-0.023993</R20> <R21>0.986745</R21> <R22>0.160494</R22>
							</CoordinateFrame>
							<float name="MaskWeight">0</float>
							<string name="Name">RightUpperLeg</string>
							<float name="Weight">1</float>
						</Properties>
						<Item class="Pose" referent="RBX62">
							<Properties>
								<CoordinateFrame name="CFrame">
									<X>0.000000</X> <Y>-0.000000</Y> <Z>0.000000</Z>
									<R00>1.000000</R00> <R01>-0.000000</R01> <R02>-0.000000</R02>
									<R10>0.000000</R10> <R11>0.204438</R11> <R12>0.978880</R12>
									<R20>-0.000000</R20> <R21>-0.978880</R21> <R22>0.204438</R22>
								</CoordinateFrame>
								<float name="MaskWeight">0</float>
								<string name="Name">RightLowerLeg</string>
								<float name="Weight">1</float>
							</Properties>
							<Item class="Pose" referent="RBX63">
								<Properties>
									<CoordinateFrame name="CFrame">
										<X>0.000000</X> <Y>-0.000006</Y> <Z>0.075000</Z>
										<R00>0.998546</R00> <R01>0.043649</R01> <R02>0.031635</R02>
										<R10>-0.049404</R10> <R11>0.975789</R11> <R12>0.213061</R12>
										<R20>-0.021569</R20> <R21>-0.214315</R21> <R22>0.976527</R22>
									</CoordinateFrame>
									<float name="MaskWeight">0</float>
									<string name="Name">RightFoot</string>
									<float name="Weight">1</float>
								</Properties>
							</Item>
						</Item>
					</Item>
				</Item>
			</Item>
		</Item>
		<Item class="Keyframe" referent="RBX67">
			<Properties>
				<string name="Name">Keyframe</string>
				<float name="Time">0.125000</float>
			</Properties>
			<Item class="Pose" referent="RBX70">
				<Properties>
					<CoordinateFrame name="CFrame">
						<X>0.000000</X> <Y>0.000000</Y> <Z>0.000000</Z>
						<R00>1.000000</R00> <R01>0.000000</R01> <R02>0.000000</R02>
						<R10>0.000000</R10> <R11>1.000000</R11> <R12>0.000000</R12>
						<R20>0.000000</R20> <R21>0.000000</R21> <R22>1.000000</R22>
					</CoordinateFrame>
					<float name="MaskWeight">0</float>
					<string name="Name">HumanoidRootPart</string>
					<float name="Weight">1</float>
				</Properties>
				<Item class="Pose" referent="RBX71">
					<Properties>
						<CoordinateFrame name="CFrame">
							<X>0.066862</X> <Y>-0.245538</Y> <Z>0.731509</Z>
							<R00>0.995774</R00> <R01>0.000064</R01> <R02>-0.091840</R02>
							<R10>-0.015851</R10> <R11>0.985113</R11> <R12>-0.171176</R12>
							<R20>0.090462</R20> <R21>0.171909</R21> <R22>0.980951</R22>
						</CoordinateFrame>
						<float name="MaskWeight">0</float>
						<string name="Name">LowerTorso</string>
						<float name="Weight">1</float>
					</Properties>
					<Item class="Pose" referent="RBX72">
						<Properties>
							<CoordinateFrame name="CFrame">
								<X>0.000000</X> <Y>0.000000</Y> <Z>0.000000</Z>
								<R00>0.995922</R00> <R01>0.017676</R01> <R02>-0.088474</R02>
								<R10>0.009031</R10> <R11>0.956162</R11> <R12>0.292700</R12>
								<R20>0.089769</R20> <R21>-0.292305</R21> <R22>0.952103</R22>
							</CoordinateFrame>
							<float name="MaskWeight">0</float>
							<string name="Name">UpperTorso</string>
							<float name="Weight">1</float>
						</Properties>
						<Item class="Pose" referent="RBX73">
							<Properties>
								<CoordinateFrame name="CFrame">
									<X>0.000000</X> <Y>-0.000000</Y> <Z>0.042861</Z>
									<R00>0.992332</R00> <R01>-0.053232</R01> <R02>0.111554</R02>
									<R10>0.101668</R10> <R11>0.864794</R11> <R12>-0.491726</R12>
									<R20>-0.070296</R20> <R21>0.499297</R21> <R22>0.863575</R22>
								</CoordinateFrame>
								<float name="MaskWeight">0</float>
								<string name="Name">Head</string>
								<float name="Weight">1</float>
							</Properties>
						</Item>
						<Item class="Pose" referent="RBX74">
							<Properties>
								<CoordinateFrame name="CFrame">
									<X>-0.000145</X> <Y>0.000084</Y> <Z>0.000000</Z>
									<R00>0.699443</R00> <R01>0.710607</R01> <R02>0.076267</R02>
									<R10>0.570135</R10> <R11>-0.490440</R11> <R12>-0.659101</R12>
									<R20>-0.430957</R20> <R21>0.504486</R21> <R22>-0.748177</R22>
								</CoordinateFrame>
								<float name="MaskWeight">0</float>
								<string name="Name">LeftUpperArm</string>
								<float name="Weight">1</float>
							</Properties>
							<Item class="Pose" referent="RBX75">
								<Properties>
									<CoordinateFrame name="CFrame">
										<X>-0.000370</X> <Y>-0.000127</Y> <Z>0.000000</Z>
										<R00>0.999940</R00> <R01>0.006880</R01> <R02>-0.008488</R02>
										<R10>-0.009852</R10> <R11>0.903555</R11> <R12>-0.428359</R12>
										<R20>0.004722</R20> <R21>0.428417</R21> <R22>0.903569</R22>
									</CoordinateFrame>
									<float name="MaskWeight">0</float>
									<string name="Name">LeftLowerArm</string>
									<float name="Weight">1</float>
								</Properties>
								<Item class="Pose" referent="RBX76">
									<Properties>
										<CoordinateFrame name="CFrame">
											<X>0.000000</X> <Y>0.102181</Y> <Z>-0.000000</Z>
											<R00>1.000000</R00> <R01>-0.000000</R01> <R02>-0.000000</R02>
											<R10>-0.000000</R10> <R11>1.000000</R11> <R12>-0.000000</R12>
											<R20>-0.000000</R20> <R21>-0.000000</R21> <R22>1.000000</R22>
										</CoordinateFrame>
										<float name="MaskWeight">0</float>
										<string name="Name">LeftHand</string>
										<float name="Weight">1</float>
									</Properties>
								</Item>
							</Item>
						</Item>
						<Item class="Pose" referent="RBX77">
							<Properties>
								<CoordinateFrame name="CFrame">
									<X>0.000013</X> <Y>-0.000024</Y> <Z>0.000000</Z>
									<R00>0.574603</R00> <R01>-0.566003</R01> <R02>-0.591162</R02>
									<R10>-0.063752</R10> <R11>0.689161</R11> <R12>-0.721798</R12>
									<R20>0.815945</R20> <R21>0.452435</R21> <R22>0.359910</R22>
								</CoordinateFrame>
								<float name="MaskWeight">0</float>
								<string name="Name">RightUpperArm</string>
								<float name="Weight">1</float>
							</Properties>
							<Item class="Pose" referent="RBX78">
								<Properties>
									<CoordinateFrame name="CFrame">
										<X>-0.000020</X> <Y>0.000018</Y> <Z>0.000000</Z>
										<R00>0.995047</R00> <R01>0.062376</R01> <R02>0.077401</R02>
										<R10>-0.028159</R10> <R11>0.923603</R11> <R12>-0.382314</R12>
										<R20>-0.095335</R20> <R21>0.378241</R21> <R22>0.920785</R22>
									</CoordinateFrame>
									<float name="MaskWeight">0</float>
									<string name="Name">RightLowerArm</string>
									<float name="Weight">1</float>
								</Properties>
								<Item class="Pose" referent="RBX79">
									<Properties>
										<CoordinateFrame name="CFrame">
											<X>0.000000</X> <Y>0.101975</Y> <Z>0.000000</Z>
											<R00>1.000000</R00> <R01>0.000000</R01> <R02>0.000000</R02>
											<R10>0.000000</R10> <R11>1.000000</R11> <R12>-0.000000</R12>
											<R20>0.000000</R20> <R21>-0.000000</R21> <R22>1.000000</R22>
										</CoordinateFrame>
										<float name="MaskWeight">0</float>
										<string name="Name">RightHand</string>
										<float name="Weight">1</float>
									</Properties>
								</Item>
							</Item>
						</Item>
					</Item>
					<Item class="Pose" referent="RBX80">
						<Properties>
							<CoordinateFrame name="CFrame">
								<X>-0.000200</X> <Y>0.000102</Y> <Z>0.015000</Z>
								<R00>0.994019</R00> <R01>0.099871</R01> <R02>0.044177</R02>
								<R10>-0.066055</R10> <R11>0.871997</R11> <R12>-0.485034</R12>
								<R20>-0.086963</R20> <R21>0.479215</R21> <R22>0.873379</R22>
							</CoordinateFrame>
							<float name="MaskWeight">0</float>
							<string name="Name">LeftUpperLeg</string>
							<float name="Weight">1</float>
						</Properties>
						<Item class="Pose" referent="RBX81">
							<Properties>
								<CoordinateFrame name="CFrame">
									<X>-0.000000</X> <Y>-0.025238</Y> <Z>0.000178</Z>
									<R00>1.000000</R00> <R01>0.000007</R01> <R02>0.000006</R02>
									<R10>-0.000009</R10> <R11>0.783524</R11> <R12>0.621361</R12>
									<R20>-0.000000</R20> <R21>-0.621361</R21> <R22>0.783524</R22>
								</CoordinateFrame>
								<float name="MaskWeight">0</float>
								<string name="Name">LeftLowerLeg</string>
								<float name="Weight">1</float>
							</Properties>
							<Item class="Pose" referent="RBX82">
								<Properties>
									<CoordinateFrame name="CFrame">
										<X>-0.000001</X> <Y>-0.000000</Y> <Z>0.075000</Z>
										<R00>0.997801</R00> <R01>-0.060961</R01> <R02>-0.026017</R02>
										<R10>0.066000</R10> <R11>0.949899</R11> <R12>0.305510</R12>
										<R20>0.006089</R20> <R21>-0.306556</R21> <R22>0.951833</R22>
									</CoordinateFrame>
									<float name="MaskWeight">0</float>
									<string name="Name">LeftFoot</string>
									<float name="Weight">1</float>
								</Properties>
							</Item>
						</Item>
					</Item>
					<Item class="Pose" referent="RBX83">
						<Properties>
							<CoordinateFrame name="CFrame">
								<X>0.000000</X> <Y>0.000007</Y> <Z>0.015300</Z>
								<R00>0.996201</R00> <R01>0.050009</R01> <R02>0.071288</R02>
								<R10>0.054785</R10> <R11>0.276399</R11> <R12>-0.959480</R12>
								<R20>-0.067686</R20> <R21>0.959741</R21> <R22>0.272609</R22>
							</CoordinateFrame>
							<float name="MaskWeight">0</float>
							<string name="Name">RightUpperLeg</string>
							<float name="Weight">1</float>
						</Properties>
						<Item class="Pose" referent="RBX84">
							<Properties>
								<CoordinateFrame name="CFrame">
									<X>0.000000</X> <Y>0.000000</Y> <Z>0.000000</Z>
									<R00>1.000000</R00> <R01>0.000000</R01> <R02>0.000000</R02>
									<R10>0.000000</R10> <R11>0.365091</R11> <R12>0.930972</R12>
									<R20>-0.000000</R20> <R21>-0.930972</R21> <R22>0.365091</R22>
								</CoordinateFrame>
								<float name="MaskWeight">0</float>
								<string name="Name">RightLowerLeg</string>
								<float name="Weight">1</float>
							</Properties>
							<Item class="Pose" referent="RBX85">
								<Properties>
									<CoordinateFrame name="CFrame">
										<X>-0.000000</X> <Y>-0.000006</Y> <Z>0.075000</Z>
										<R00>0.998209</R00> <R01>0.049783</R01> <R02>0.033180</R02>
										<R10>-0.056742</R10> <R11>0.963586</R11> <R12>0.261310</R12>
										<R20>-0.018963</R20> <R21>-0.262725</R21> <R22>0.964684</R22>
									</CoordinateFrame>
									<float name="MaskWeight">0</float>
									<string name="Name">RightFoot</string>
									<float name="Weight">1</float>
								</Properties>
							</Item>
						</Item>
					</Item>
				</Item>
			</Item>
		</Item>
		<Item class="Keyframe" referent="RBX89">
			<Properties>
				<string name="Name">Keyframe</string>
				<float name="Time">0.166667</float>
			</Properties>
			<Item class="Pose" referent="RBX92">
				<Properties>
					<CoordinateFrame name="CFrame">
						<X>0.000000</X> <Y>0.000000</Y> <Z>0.000000</Z>
						<R00>1.000000</R00> <R01>0.000000</R01> <R02>0.000000</R02>
						<R10>0.000000</R10> <R11>1.000000</R11> <R12>0.000000</R12>
						<R20>0.000000</R20> <R21>0.000000</R21> <R22>1.000000</R22>
					</CoordinateFrame>
					<float name="MaskWeight">0</float>
					<string name="Name">HumanoidRootPart</string>
					<float name="Weight">1</float>
				</Properties>
				<Item class="Pose" referent="RBX93">
					<Properties>
						<CoordinateFrame name="CFrame">
							<X>0.053495</X> <Y>-0.212114</Y> <Z>0.754332</Z>
							<R00>0.990733</R00> <R01>0.000041</R01> <R02>-0.135824</R02>
							<R10>-0.023367</R10> <R11>0.985142</R11> <R12>-0.170147</R12>
							<R20>0.133799</R20> <R21>0.171744</R21> <R22>0.976013</R22>
						</CoordinateFrame>
						<float name="MaskWeight">0</float>
						<string name="Name">LowerTorso</string>
						<float name="Weight">1</float>
					</Properties>
					<Item class="Pose" referent="RBX94">
						<Properties>
							<CoordinateFrame name="CFrame">
								<X>-0.000000</X> <Y>0.000000</Y> <Z>-0.000000</Z>
								<R00>0.991141</R00> <R01>0.009159</R01> <R02>-0.132495</R02>
								<R10>0.030019</R10> <R11>0.956352</R11> <R12>0.290671</R12>
								<R20>0.129374</R20> <R21>-0.292073</R21> <R22>0.947605</R22>
							</CoordinateFrame>
							<float name="MaskWeight">0</float>
							<string name="Name">UpperTorso</string>
							<float name="Weight">1</float>
						</Properties>
						<Item class="Pose" referent="RBX95">
							<Properties>
								<CoordinateFrame name="CFrame">
									<X>0.000000</X> <Y>0.000000</Y> <Z>0.042861</Z>
									<R00>0.985009</R00> <R01>-0.004291</R01> <R02>0.172449</R02>
									<R10>0.087107</R10> <R11>0.875250</R11> <R12>-0.475763</R12>
									<R20>-0.148895</R20> <R21>0.483652</R21> <R22>0.862503</R22>
								</CoordinateFrame>
								<float name="MaskWeight">0</float>
								<string name="Name">Head</string>
								<float name="Weight">1</float>
							</Properties>
						</Item>
						<Item class="Pose" referent="RBX96">
							<Properties>
								<CoordinateFrame name="CFrame">
									<X>-0.000144</X> <Y>0.000084</Y> <Z>0.000000</Z>
									<R00>0.696189</R00> <R01>0.710178</R01> <R02>0.104731</R02>
									<R10>0.487605</R10> <R11>-0.360753</R11> <R12>-0.795047</R12>
									<R20>-0.526843</R20> <R21>0.604570</R21> <R22>-0.597438</R22>
								</CoordinateFrame>
								<float name="MaskWeight">0</float>
								<string name="Name">LeftUpperArm</string>
