<roblox xmlns:xmime="http://www.w3.org/2005/05/xmlmime" xmlns:xsi="http://www.w3.org/2001/XMLSchema-instance" xsi:noNamespaceSchemaLocation="http://www.mulrbx.com/roblox.xsd" version="4" assettype="animation">
   <External>null</External>
   <External>nil</External>
   <Item class="KeyframeSequence" referent="RBX0">
		<Properties>
			<bool name="Loop">true</bool>
			<string name="Name">Test</string>
			<token name="Priority">1000</token>
		</Properties>
		<Item class="Keyframe" referent="RBX1">
			<Properties>
				<string name="Name">Keyframe</string>
				<float name="Time">0.000000</float>
			</Properties>
			<Item class="Pose" referent="RBX4">
				<Properties>
					<CoordinateFrame name="CFrame">
						<X>0.000000</X> <Y>0.000000</Y> <Z>0.000000</Z>
						<R00>1.000000</R00> <R01>0.000000</R01> <R02>0.000000</R02>
						<R10>0.000000</R10> <R11>1.000000</R11> <R12>0.000000</R12>
						<R20>0.000000</R20> <R21>0.000000</R21> <R22>1.000000</R22>
					</CoordinateFrame>
					<float name="MaskWeight">0</float>
					<string name="Name">HumanoidRootPart</string>
					<float name="Weight">1</float>
				</Properties>
				<Item class="Pose" referent="RBX5">
					<Properties>
						<CoordinateFrame name="CFrame">
							<X>-0.069068</X> <Y>-0.084727</Y> <Z>0.066980</Z>
							<R00>0.996001</R00> <R01>0.049365</R01> <R02>-0.074467</R02>
							<R10>-0.048896</R10> <R11>0.998771</R11> <R12>0.008102</R12>
							<R20>0.074776</R20> <R21>-0.004428</R21> <R22>0.997191</R22>
						</CoordinateFrame>
						<float name="MaskWeight">0</float>
						<string name="Name">LowerTorso</string>
						<float name="Weight">1</float>
					</Properties>
					<Item class="Pose" referent="RBX6">
						<Properties>
							<CoordinateFrame name="CFrame">
								<X>0.000000</X> <Y>0.000000</Y> <Z>0.000000</Z>
								<R00>0.994931</R00> <R01>-0.082128</R01> <R02>0.058035</R02>
								<R10>0.081401</R10> <R11>0.996572</R11> <R12>0.014790</R12>
								<R20>-0.059051</R20> <R21>-0.009991</R21> <R22>0.998205</R22>
							</CoordinateFrame>
							<float name="MaskWeight">0</float>
							<string name="Name">UpperTorso</string>
							<float name="Weight">1</float>
						</Properties>
						<Item class="Pose" referent="RBX7">
							<Properties>
								<CoordinateFrame name="CFrame">
									<X>0.000000</X> <Y>0.000000</Y> <Z>0.042861</Z>
									<R00>0.999133</R00> <R01>0.040241</R01> <R02>0.010642</R02>
									<R10>-0.040016</R10> <R11>0.998988</R11> <R12>-0.020556</R12>
									<R20>-0.011459</R20> <R21>0.020112</R21> <R22>0.999732</R22>
								</CoordinateFrame>
								<float name="MaskWeight">0</float>
								<string name="Name">Head</string>
								<float name="Weight">1</float>
							</Properties>
						</Item>
						<Item class="Pose" referent="RBX8">
							<Properties>
								<CoordinateFrame name="CFrame">
									<X>-0.000145</X> <Y>0.000084</Y> <Z>0.000365</Z>
									<R00>0.976800</R00> <R01>0.208832</R01> <R02>-0.047442</R02>
									<R10>-0.207476</R10> <R11>0.977718</R11> <R12>0.031953</R12>
									<R20>0.053058</R20> <R21>-0.021369</R21> <R22>0.998363</R22>
								</CoordinateFrame>
								<float name="MaskWeight">0</float>
								<string name="Name">LeftUpperArm</string>
								<float name="Weight">1</float>
							</Properties>
							<Item class="Pose" referent="RBX9">
								<Properties>
									<CoordinateFrame name="CFrame">
										<X>-0.000370</X> <Y>-0.000127</Y> <Z>0.000000</Z>
										<R00>0.999898</R00> <R01>-0.000949</R01> <R02>-0.014227</R02>
										<R10>-0.001895</R10> <R11>0.980083</R11> <R12>-0.198578</R12>
										<R20>0.014132</R20> <R21>0.198584</R21> <R22>0.979982</R22>
									</CoordinateFrame>
									<float name="MaskWeight">0</float>
									<string name="Name">LeftLowerArm</string>
									<float name="Weight">1</float>
								</Properties>
								<Item class="Pose" referent="RBX10">
									<Properties>
										<CoordinateFrame name="CFrame">
											<X>0.000000</X> <Y>0.000206</Y> <Z>0.000000</Z>
											<R00>1.000000</R00> <R01>-0.000000</R01> <R02>0.000000</R02>
											<R10>-0.000000</R10> <R11>1.000000</R11> <R12>0.000000</R12>
											<R20>0.000000</R20> <R21>0.000000</R21> <R22>1.000000</R22>
										</CoordinateFrame>
										<float name="MaskWeight">0</float>
										<string name="Name">LeftHand</string>
										<float name="Weight">1</float>
									</Properties>
								</Item>
							</Item>
						</Item>
						<Item class="Pose" referent="RBX11">
							<Properties>
								<CoordinateFrame name="CFrame">
									<X>0.000013</X> <Y>-0.000023</Y> <Z>0.000000</Z>
									<R00>0.994127</R00> <R01>-0.107360</R01> <R02>0.013617</R02>
									<R10>0.101856</R10> <R11>0.970745</R11> <R12>0.217440</R12>
									<R20>-0.036563</R20> <R21>-0.214776</R21> <R22>0.975979</R22>
								</CoordinateFrame>
								<float name="MaskWeight">0</float>
								<string name="Name">RightUpperArm</string>
								<float name="Weight">1</float>
							</Properties>
							<Item class="Pose" referent="RBX12">
								<Properties>
									<CoordinateFrame name="CFrame">
										<X>-0.000020</X> <Y>0.000018</Y> <Z>0.000000</Z>
										<R00>0.999542</R00> <R01>-0.006387</R01> <R02>-0.029586</R02>
										<R10>-0.003906</R10> <R11>0.942081</R11> <R12>-0.335363</R12>
										<R20>0.030014</R20> <R21>0.335325</R21> <R22>0.941624</R22>
									</CoordinateFrame>
									<float name="MaskWeight">0</float>
									<string name="Name">RightLowerArm</string>
									<float name="Weight">1</float>
								</Properties>
								<Item class="Pose" referent="RBX13">
									<Properties>
										<CoordinateFrame name="CFrame">
											<X>-0.000000</X> <Y>-0.000000</Y> <Z>-0.000000</Z>
											<R00>1.000000</R00> <R01>0.000000</R01> <R02>-0.000000</R02>
											<R10>0.000000</R10> <R11>1.000000</R11> <R12>-0.000000</R12>
											<R20>-0.000000</R20> <R21>-0.000000</R21> <R22>1.000000</R22>
										</CoordinateFrame>
										<float name="MaskWeight">0</float>
										<string name="Name">RightHand</string>
										<float name="Weight">1</float>
									</Properties>
								</Item>
							</Item>
						</Item>
					</Item>
					<Item class="Pose" referent="RBX14">
						<Properties>
							<CoordinateFrame name="CFrame">
								<X>-0.000200</X> <Y>0.000102</Y> <Z>0.015000</Z>
								<R00>0.998302</R00> <R01>-0.020973</R01> <R02>0.054341</R02>
								<R10>0.026986</R10> <R11>0.993298</R11> <R12>-0.112390</R12>
								<R20>-0.051620</R20> <R21>0.113666</R21> <R22>0.992177</R22>
							</CoordinateFrame>
							<float name="MaskWeight">0</float>
							<string name="Name">LeftUpperLeg</string>
							<float name="Weight">1</float>
						</Properties>
						<Item class="Pose" referent="RBX15">
							<Properties>
								<CoordinateFrame name="CFrame">
									<X>-0.000000</X> <Y>-0.000400</Y> <Z>0.000178</Z>
									<R00>1.000000</R00> <R01>0.000005</R01> <R02>0.000002</R02>
									<R10>-0.000005</R10> <R11>0.918604</R11> <R12>0.395179</R12>
									<R20>-0.000000</R20> <R21>-0.395179</R21> <R22>0.918604</R22>
								</CoordinateFrame>
								<float name="MaskWeight">0</float>
								<string name="Name">LeftLowerLeg</string>
								<float name="Weight">1</float>
							</Properties>
							<Item class="Pose" referent="RBX16">
								<Properties>
									<CoordinateFrame name="CFrame">
										<X>-0.000001</X> <Y>-0.000000</Y> <Z>0.075000</Z>
										<R00>0.996430</R00> <R01>-0.084211</R01> <R02>0.005943</R02>
										<R10>0.082425</R10> <R11>0.955237</R11> <R12>-0.284127</R12>
										<R20>0.018250</R20> <R21>0.283602</R21> <R22>0.958768</R22>
									</CoordinateFrame>
									<float name="MaskWeight">0</float>
									<string name="Name">LeftFoot</string>
									<float name="Weight">1</float>
								</Properties>
							</Item>
						</Item>
					</Item>
					<Item class="Pose" referent="RBX17">
						<Properties>
							<CoordinateFrame name="CFrame">
								<X>0.000200</X> <Y>0.000307</Y> <Z>0.015000</Z>
								<R00>0.975496</R00> <R01>-0.160180</R01> <R02>0.150833</R02>
								<R10>0.213400</R10> <R11>0.855712</R11> <R12>-0.471399</R12>
								<R20>-0.053560</R20> <R21>0.492036</R21> <R22>0.868926</R22>
							</CoordinateFrame>
							<float name="MaskWeight">0</float>
							<string name="Name">RightUpperLeg</string>
							<float name="Weight">1</float>
						</Properties>
						<Item class="Pose" referent="RBX18">
							<Properties>
								<CoordinateFrame name="CFrame">
									<X>0.000000</X> <Y>-0.000000</Y> <Z>0.000000</Z>
									<R00>1.000000</R00> <R01>-0.000000</R01> <R02>0.000000</R02>
									<R10>0.000000</R10> <R11>0.859526</R11> <R12>0.511092</R12>
									<R20>0.000000</R20> <R21>-0.511092</R21> <R22>0.859526</R22>
								</CoordinateFrame>
								<float name="MaskWeight">0</float>
								<string name="Name">RightLowerLeg</string>
								<float name="Weight">1</float>
							</Properties>
							<Item class="Pose" referent="RBX19">
								<Properties>
									<CoordinateFrame name="CFrame">
										<X>0.000000</X> <Y>-0.000006</Y> <Z>0.075000</Z>
										<R00>0.971524</R00> <R01>0.234805</R01> <R02>0.031742</R02>
										<R10>-0.231900</R10> <R11>0.969771</R11> <R12>-0.075936</R12>
										<R20>-0.048613</R20> <R21>0.066413</R21> <R22>0.996607</R22>
									</CoordinateFrame>
									<float name="MaskWeight">0</float>
									<string name="Name">RightFoot</string>
									<float name="Weight">1</float>
								</Properties>
							</Item>
						</Item>
					</Item>
				</Item>
			</Item>
		</Item>
		<Item class="Keyframe" referent="RBX20">
			<Properties>
				<string name="Name">Keyframe</string>
				<float name="Time">0.041667</float>
			</Properties>
			<Item class="Pose" referent="RBX23">
				<Properties>
					<CoordinateFrame name="CFrame">
						<X>0.000000</X> <Y>0.000000</Y> <Z>0.000000</Z>
						<R00>1.000000</R00> <R01>0.000000</R01> <R02>0.000000</R02>
						<R10>0.000000</R10> <R11>1.000000</R11> <R12>0.000000</R12>
						<R20>0.000000</R20> <R21>0.000000</R21> <R22>1.000000</R22>
					</CoordinateFrame>
					<float name="MaskWeight">0</float>
					<string name="Name">HumanoidRootPart</string>
					<float name="Weight">1</float>
				</Properties>
				<Item class="Pose" referent="RBX24">
					<Properties>
						<CoordinateFrame name="CFrame">
							<X>-0.069068</X> <Y>-0.140640</Y> <Z>0.088190</Z>
							<R00>0.996001</R00> <R01>0.049365</R01> <R02>-0.074467</R02>
							<R10>-0.048896</R10> <R11>0.998771</R11> <R12>0.008102</R12>
							<R20>0.074776</R20> <R21>-0.004428</R21> <R22>0.997191</R22>
						</CoordinateFrame>
						<float name="MaskWeight">0</float>
						<string name="Name">LowerTorso</string>
						<float name="Weight">1</float>
					</Properties>
					<Item class="Pose" referent="RBX25">
						<Properties>
							<CoordinateFrame name="CFrame">
								<X>0.000000</X> <Y>0.000000</Y> <Z>-0.000000</Z>
								<R00>0.994817</R00> <R01>-0.084653</R01> <R02>0.056327</R02>
								<R10>0.083735</R10> <R11>0.996317</R11> <R12>0.018474</R12>
								<R20>-0.057684</R20> <R21>-0.013661</R21> <R22>0.998241</R22>
							</CoordinateFrame>
							<float name="MaskWeight">0</float>
							<string name="Name">UpperTorso</string>
							<float name="Weight">1</float>
						</Properties>
						<Item class="Pose" referent="RBX26">
							<Properties>
								<CoordinateFrame name="CFrame">
									<X>0.000000</X> <Y>0.000000</Y> <Z>0.042861</Z>
									<R00>0.999035</R00> <R01>0.042679</R01> <R02>0.010334</R02>
									<R10>-0.042091</R10> <R11>0.997779</R11> <R12>-0.051632</R12>
									<R20>-0.012515</R20> <R21>0.051147</R21> <R22>0.998613</R22>
								</CoordinateFrame>
								<float name="MaskWeight">0</float>
								<string name="Name">Head</string>
								<float name="Weight">1</float>
							</Properties>
						</Item>
						<Item class="Pose" referent="RBX27">
							<Properties>
								<CoordinateFrame name="CFrame">
									<X>-0.000145</X> <Y>0.000084</Y> <Z>0.000365</Z>
									<R00>0.968621</R00> <R01>0.240340</R01> <R02>-0.063319</R02>
									<R10>-0.235592</R10> <R11>0.969019</R11> <R12>0.074155</R12>
									<R20>0.079180</R20> <R21>-0.056911</R21> <R22>0.995235</R22>
								</CoordinateFrame>
								<float name="MaskWeight">0</float>
								<string name="Name">LeftUpperArm</string>
								<float name="Weight">1</float>
							</Properties>
							<Item class="Pose" referent="RBX28">
								<Properties>
									<CoordinateFrame name="CFrame">
										<X>-0.000370</X> <Y>-0.000127</Y> <Z>0.000000</Z>
										<R00>0.999711</R00> <R01>-0.011995</R01> <R02>-0.020811</R02>
										<R10>0.006856</R10> <R11>0.972841</R11> <R12>-0.231373</R12>
										<R20>0.023021</R20> <R21>0.231164</R21> <R22>0.972643</R22>
									</CoordinateFrame>
									<float name="MaskWeight">0</float>
									<string name="Name">LeftLowerArm</string>
									<float name="Weight">1</float>
								</Properties>
								<Item class="Pose" referent="RBX29">
									<Properties>
										<CoordinateFrame name="CFrame">
											<X>0.000000</X> <Y>0.000206</Y> <Z>0.000000</Z>
											<R00>1.000000</R00> <R01>0.000000</R01> <R02>0.000000</R02>
											<R10>0.000000</R10> <R11>1.000000</R11> <R12>-0.000000</R12>
											<R20>0.000000</R20> <R21>0.000000</R21> <R22>1.000000</R22>
										</CoordinateFrame>
										<float name="MaskWeight">0</float>
										<string name="Name">LeftHand</string>
										<float name="Weight">1</float>
									</Properties>
								</Item>
							</Item>
						</Item>
						<Item class="Pose" referent="RBX30">
							<Properties>
								<CoordinateFrame name="CFrame">
									<X>0.000013</X> <Y>-0.000024</Y> <Z>0.000000</Z>
									<R00>0.991267</R00> <R01>-0.125155</R01> <R02>0.041541</R02>
									<R10>0.112607</R10> <R11>0.967308</R11> <R12>0.227235</R12>
									<R20>-0.068623</R20> <R21>-0.220572</R21> <R22>0.972954</R22>
								</CoordinateFrame>
								<float name="MaskWeight">0</float>
								<string name="Name">RightUpperArm</string>
								<float name="Weight">1</float>
							</Properties>
							<Item class="Pose" referent="RBX31">
								<Properties>
									<CoordinateFrame name="CFrame">
										<X>-0.000020</X> <Y>0.000018</Y> <Z>0.000000</Z>
										<R00>0.999358</R00> <R01>-0.013388</R01> <R02>-0.033246</R02>
										<R10>0.000550</R10> <R11>0.933229</R11> <R12>-0.359281</R12>
										<R20>0.035836</R20> <R21>0.359032</R21> <R22>0.932637</R22>
									</CoordinateFrame>
									<float name="MaskWeight">0</float>
									<string name="Name">RightLowerArm</string>
									<float name="Weight">1</float>
								</Properties>
								<Item class="Pose" referent="RBX32">
									<Properties>
										<CoordinateFrame name="CFrame">
											<X>-0.000000</X> <Y>-0.000000</Y> <Z>0.000000</Z>
											<R00>1.000000</R00> <R01>0.000000</R01> <R02>0.000000</R02>
											<R10>0.000000</R10> <R11>1.000000</R11> <R12>-0.000000</R12>
											<R20>0.000000</R20> <R21>0.000000</R21> <R22>1.000000</R22>
										</CoordinateFrame>
										<float name="MaskWeight">0</float>
										<string name="Name">RightHand</string>
										<float name="Weight">1</float>
									</Properties>
								</Item>
							</Item>
						</Item>
					</Item>
					<Item class="Pose" referent="RBX33">
						<Properties>
							<CoordinateFrame name="CFrame">
								<X>-0.000200</X> <Y>0.000102</Y> <Z>0.015000</Z>
								<R00>0.998272</R00> <R01>-0.011572</R01> <R02>0.057616</R02>
								<R10>0.025728</R10> <R11>0.967533</R11> <R12>-0.251432</R12>
								<R20>-0.052835</R20> <R21>0.252480</R21> <R22>0.966159</R22>
							</CoordinateFrame>
							<float name="MaskWeight">0</float>
							<string name="Name">LeftUpperLeg</string>
							<float name="Weight">1</float>
						</Properties>
						<Item class="Pose" referent="RBX34">
							<Properties>
								<CoordinateFrame name="CFrame">
									<X>-0.000000</X> <Y>-0.000400</Y> <Z>0.000178</Z>
									<R00>1.000000</R00> <R01>0.000006</R01> <R02>0.000005</R02>
									<R10>-0.000008</R10> <R11>0.802820</R11> <R12>0.596222</R12>
									<R20>-0.000000</R20> <R21>-0.596222</R21> <R22>0.802820</R22>
								</CoordinateFrame>
								<float name="MaskWeight">0</float>
								<string name="Name">LeftLowerLeg</string>
								<float name="Weight">1</float>
							</Properties>
							<Item class="Pose" referent="RBX35">
								<Properties>
									<CoordinateFrame name="CFrame">
										<X>-0.000001</X> <Y>-0.000000</Y> <Z>0.075000</Z>
										<R00>0.996328</R00> <R01>-0.085075</R01> <R02>0.009576</R02>
										<R10>0.083331</R10> <R11>0.938041</R11> <R12>-0.336354</R12>
										<R20>0.019633</R20> <R21>0.335917</R21> <R22>0.941687</R22>
									</CoordinateFrame>
									<float name="MaskWeight">0</float>
									<string name="Name">LeftFoot</string>
									<float name="Weight">1</float>
								</Properties>
							</Item>
						</Item>
					</Item>
					<Item class="Pose" referent="RBX36">
						<Properties>
							<CoordinateFrame name="CFrame">
								<X>0.000200</X> <Y>0.000307</Y> <Z>0.015000</Z>
								<R00>0.975072</R00> <R01>-0.149216</R01> <R02>0.164222</R02>
								<R10>0.217322</R10> <R11>0.791597</R11> <R12>-0.571092</R12>
								<R20>-0.044781</R20> <R21>0.592544</R21> <R22>0.804292</R22>
							</CoordinateFrame>
							<float name="MaskWeight">0</float>
							<string name="Name">RightUpperLeg</string>
							<float name="Weight">1</float>
						</Properties>
						<Item class="Pose" referent="RBX37">
							<Properties>
								<CoordinateFrame name="CFrame">
									<X>0.000000</X> <Y>-0.000000</Y> <Z>0.000000</Z>
									<R00>1.000000</R00> <R01>0.000000</R01> <R02>0.000000</R02>
									<R10>0.000000</R10> <R11>0.757621</R11> <R12>0.652695</R12>
									<R20>-0.000000</R20> <R21>-0.652695</R21> <R22>0.757621</R22>
								</CoordinateFrame>
								<float name="MaskWeight">0</float>
								<string name="Name">RightLowerLeg</string>
								<float name="Weight">1</float>
							</Properties>
							<Item class="Pose" referent="RBX38">
								<Properties>
									<CoordinateFrame name="CFrame">
										<X>0.000000</X> <Y>-0.000007</Y> <Z>0.075000</Z>
										<R00>0.971524</R00> <R01>0.235050</R01> <R02>0.029870</R02>
										<R10>-0.231900</R10> <R11>0.969135</R11> <R12>-0.083664</R12>
										<R20>-0.048613</R20> <R21>0.074355</R21> <R22>0.996046</R22>
									</CoordinateFrame>
									<float name="MaskWeight">0</float>
									<string name="Name">RightFoot</string>
									<float name="Weight">1</float>
								</Properties>
							</Item>
						</Item>
					</Item>
				</Item>
			</Item>
		</Item>
		<Item class="Keyframe" referent="RBX39">
			<Properties>
				<string name="Name">Keyframe</string>
				<float name="Time">0.083333</float>
			</Properties>
			<Item class="Pose" referent="RBX42">
				<Properties>
					<CoordinateFrame name="CFrame">
						<X>0.000000</X> <Y>0.000000</Y> <Z>0.000000</Z>
						<R00>1.000000</R00> <R01>0.000000</R01> <R02>0.000000</R02>
						<R10>0.000000</R10> <R11>1.000000</R11> <R12>0.000000</R12>
						<R20>0.000000</R20> <R21>0.000000</R21> <R22>1.000000</R22>
					</CoordinateFrame>
					<float name="MaskWeight">0</float>
					<string name="Name">HumanoidRootPart</string>
					<float name="Weight">1</float>
				</Properties>
				<Item class="Pose" referent="RBX43">
					<Properties>
						<CoordinateFrame name="CFrame">
							<X>-0.069068</X> <Y>-0.273972</Y> <Z>0.138769</Z>
							<R00>0.996001</R00> <R01>0.049365</R01> <R02>-0.074467</R02>
							<R10>-0.048896</R10> <R11>0.998771</R11> <R12>0.008102</R12>
							<R20>0.074776</R20> <R21>-0.004428</R21> <R22>0.997191</R22>
						</CoordinateFrame>
						<float name="MaskWeight">0</float>
						<string name="Name">LowerTorso</string>
						<float name="Weight">1</float>
					</Properties>
					<Item class="Pose" referent="RBX44">
						<Properties>
							<CoordinateFrame name="CFrame">
								<X>0.000000</X> <Y>0.000000</Y> <Z>-0.000000</Z>
								<R00>0.994568</R00> <R01>-0.090623</R01> <R02>0.051202</R02>
								<R10>0.088402</R10> <R11>0.995108</R11> <R12>0.044111</R12>
								<R20>-0.054949</R20> <R21>-0.039345</R21> <R22>0.997714</R22>
							</CoordinateFrame>
							<float name="MaskWeight">0</float>
							<string name="Name">UpperTorso</string>
							<float name="Weight">1</float>
						</Properties>
						<Item class="Pose" referent="RBX45">
							<Properties>
								<CoordinateFrame name="CFrame">
									<X>0.000000</X> <Y>0.000000</Y> <Z>0.042861</Z>
									<R00>0.998823</R00> <R01>0.047000</R01> <R02>0.011964</R02>
									<R10>-0.046241</R10> <R11>0.997282</R11> <R12>-0.057363</R12>
									<R20>-0.014627</R20> <R21>0.056742</R21> <R22>0.998282</R22>
								</CoordinateFrame>
								<float name="MaskWeight">0</float>
								<string name="Name">Head</string>
								<float name="Weight">1</float>
							</Properties>
						</Item>
						<Item class="Pose" referent="RBX46">
							<Properties>
								<CoordinateFrame name="CFrame">
									<X>-0.000145</X> <Y>0.000084</Y> <Z>0.000365</Z>
									<R00>0.943761</R00> <R01>0.318773</R01> <R02>-0.087743</R02>
									<R10>-0.300752</R10> <R11>0.937939</R11> <R12>0.172683</R12>
									<R20>0.137344</R20> <R21>-0.136582</R21> <R22>0.981062</R22>
								</CoordinateFrame>
								<float name="MaskWeight">0</float>
								<string name="Name">LeftUpperArm</string>
								<float name="Weight">1</float>
							</Properties>
							<Item class="Pose" referent="RBX47">
								<Properties>
									<CoordinateFrame name="CFrame">
										<X>-0.000370</X> <Y>-0.000127</Y> <Z>0.000000</Z>
										<R00>0.998952</R00> <R01>-0.034043</R01> <R02>-0.030603</R02>
										<R10>0.023095</R10> <R11>0.952015</R11> <R12>-0.305178</R12>
										<R20>0.039523</R20> <R21>0.304151</R21> <R22>0.951804</R22>
									</CoordinateFrame>
									<float name="MaskWeight">0</float>
									<string name="Name">LeftLowerArm</string>
									<float name="Weight">1</float>
								</Properties>
								<Item class="Pose" referent="RBX48">
									<Properties>
										<CoordinateFrame name="CFrame">
											<X>0.000000</X> <Y>0.000206</Y> <Z>0.000000</Z>
											<R00>1.000000</R00> <R01>-0.000000</R01> <R02>-0.000000</R02>
											<R10>0.000000</R10> <R11>1.000000</R11> <R12>0.000000</R12>
											<R20>-0.000000</R20> <R21>0.000000</R21> <R22>1.000000</R22>
										</CoordinateFrame>
										<float name="MaskWeight">0</float>
										<string name="Name">LeftHand</string>
										<float name="Weight">1</float>
									</Properties>
								</Item>
							</Item>
						</Item>
						<Item class="Pose" referent="RBX49">
							<Properties>
								<CoordinateFrame name="CFrame">
									<X>0.000013</X> <Y>-0.000024</Y> <Z>0.000000</Z>
									<R00>0.979203</R00> <R01>-0.178854</R01> <R02>0.095773</R02>
									<R10>0.149937</R10> <R11>0.955970</R11> <R12>0.252270</R12>
									<R20>-0.136676</R20> <R21>-0.232663</R21> <R22>0.962906</R22>
								</CoordinateFrame>
								<float name="MaskWeight">0</float>
								<string name="Name">RightUpperArm</string>
								<float name="Weight">1</float>
							</Properties>
							<Item class="Pose" referent="RBX50">
								<Properties>
									<CoordinateFrame name="CFrame">
										<X>-0.000020</X> <Y>0.000018</Y> <Z>0.000000</Z>
										<R00>0.998828</R00> <R01>-0.028372</R01> <R02>-0.039221</R02>
										<R10>0.009455</R10> <R11>0.908970</R11> <R12>-0.416754</R12>
										<R20>0.047475</R20> <R21>0.415895</R21> <R22>0.908173</R22>
									</CoordinateFrame>
									<float name="MaskWeight">0</float>
									<string name="Name">RightLowerArm</string>
									<float name="Weight">1</float>
								</Properties>
								<Item class="Pose" referent="RBX51">
									<Properties>
										<CoordinateFrame name="CFrame">
											<X>0.000000</X> <Y>0.000000</Y> <Z>0.000000</Z>
											<R00>1.000000</R00> <R01>-0.000000</R01> <R02>0.000000</R02>
											<R10>-0.000000</R10> <R11>1.000000</R11> <R12>0.000000</R12>
											<R20>-0.000000</R20> <R21>0.000000</R21> <R22>1.000000</R22>
										</CoordinateFrame>
										<float name="MaskWeight">0</float>
										<string name="Name">RightHand</string>
										<float name="Weight">1</float>
									</Properties>
								</Item>
							</Item>
						</Item>
					</Item>
					<Item class="Pose" referent="RBX52">
						<Properties>
							<CoordinateFrame name="CFrame">
								<X>-0.000200</X> <Y>0.000102</Y> <Z>0.015000</Z>
								<R00>0.998216</R00> <R01>0.006383</R01> <R02>0.059358</R02>
								<R10>0.022544</R10> <R11>0.880351</R11> <R12>-0.473787</R12>
								<R20>-0.055280</R20> <R21>0.474280</R21> <R22>0.878637</R22>
							</CoordinateFrame>
							<float name="MaskWeight">0</float>
							<string name="Name">LeftUpperLeg</string>
							<float name="Weight">1</float>
						</Properties>
						<Item class="Pose" referent="RBX53">
							<Properties>
								<CoordinateFrame name="CFrame">
									<X>-0.000000</X> <Y>-0.000400</Y> <Z>0.000178</Z>
									<R00>1.000000</R00> <R01>0.000006</R01> <R02>0.000011</R02>
									<R10>-0.000013</R10> <R11>0.528968</R11> <R12>0.848642</R12>
									<R20>-0.000001</R20> <R21>-0.848642</R21> <R22>0.528968</R22>
								</CoordinateFrame>
								<float name="MaskWeight">0</float>
								<string name="Name">LeftLowerLeg</string>
								<float name="Weight">1</float>
							</Properties>
							<Item class="Pose" referent="RBX54">
								<Properties>
									<CoordinateFrame name="CFrame">
										<X>-0.000001</X> <Y>-0.000000</Y> <Z>0.075000</Z>
										<R00>0.996181</R00> <R01>-0.086365</R01> <R02>0.012863</R02>
										<R10>0.084783</R10> <R11>0.921466</R11> <R12>-0.379095</R12>
										<R20>0.020888</R20> <R21>0.378738</R21> <R22>0.925268</R22>
									</CoordinateFrame>
									<float name="MaskWeight">0</float>
									<string name="Name">LeftFoot</string>
									<float name="Weight">1</float>
								</Properties>
							</Item>
						</Item>
					</Item>
					<Item class="Pose" referent="RBX55">
						<Properties>
							<CoordinateFrame name="CFrame">
								<X>0.000200</X> <Y>0.000307</Y> <Z>0.015000</Z>
								<R00>0.973515</R00> <R01>-0.128365</R01> <R02>0.189187</R02>
								<R10>0.227189</R10> <R11>0.635754</R11> <R12>-0.737700</R12>
								<R20>-0.025581</R20> <R21>0.761143</R21> <R22>0.648079</R22>
							</CoordinateFrame>
							<float name="MaskWeight">0</float>
							<string name="Name">RightUpperLeg</string>
							<float name="Weight">1</float>
						</Properties>
						<Item class="Pose" referent="RBX56">
							<Properties>
								<CoordinateFrame name="CFrame">
									<X>-0.000000</X> <Y>-0.000000</Y> <Z>0.000000</Z>
									<R00>1.000000</R00> <R01>0.000000</R01> <R02>0.000000</R02>
									<R10>-0.000000</R10> <R11>0.523483</R11> <R12>0.852036</R12>
									<R20>0.000000</R20> <R21>-0.852036</R21> <R22>0.523483</R22>
								</CoordinateFrame>
								<float name="MaskWeight">0</float>
								<string name="Name">RightLowerLeg</string>
								<float name="Weight">1</float>
							</Properties>
							<Item class="Pose" referent="RBX57">
								<Properties>
									<CoordinateFrame name="CFrame">
										<X>-0.000000</X> <Y>-0.000006</Y> <Z>0.075000</Z>
										<R00>0.971524</R00> <R01>0.235191</R01> <R02>0.028745</R02>
										<R10>-0.231900</R10> <R11>0.968724</R11> <R12>-0.088298</R12>
										<R20>-0.048613</R20> <R21>0.079118</R21> <R22>0.995679</R22>
									</CoordinateFrame>
									<float name="MaskWeight">0</float>
									<string name="Name">RightFoot</string>
									<float name="Weight">1</float>
								</Properties>
							</Item>
						</Item>
					</Item>
				</Item>
			</Item>
		</Item>
		<Item class="Keyframe" referent="RBX58">
			<Properties>
				<string name="Name">Keyframe</string>
				<float name="Time">0.125000</float>
			</Properties>
			<Item class="Pose" referent="RBX61">
				<Properties>
					<CoordinateFrame name="CFrame">
						<X>0.000000</X> <Y>0.000000</Y> <Z>0.000000</Z>
						<R00>1.000000</R00> <R01>0.000000</R01> <R02>0.000000</R02>
						<R10>0.000000</R10> <R11>1.000000</R11> <R12>0.000000</R12>
						<R20>0.000000</R20> <R21>0.000000</R21> <R22>1.000000</R22>
					</CoordinateFrame>
					<float name="MaskWeight">0</float>
					<string name="Name">HumanoidRootPart</string>
					<float name="Weight">1</float>
				</Properties>
				<Item class="Pose" referent="RBX62">
					<Properties>
						<CoordinateFrame name="CFrame">
							<X>-0.069068</X> <Y>-0.433109</Y> <Z>0.199136</Z>
							<R00>0.996001</R00> <R01>0.049365</R01> <R02>-0.074467</R02>
							<R10>-0.048896</R10> <R11>0.998771</R11> <R12>0.008102</R12>
							<R20>0.074776</R20> <R21>-0.004428</R21> <R22>0.997191</R22>
						</CoordinateFrame>
						<float name="MaskWeight">0</float>
						<string name="Name">LowerTorso</string>
						<float name="Weight">1</float>
					</Properties>
					<Item class="Pose" referent="RBX63">
						<Properties>
							<CoordinateFrame name="CFrame">
								<X>0.000000</X> <Y>0.000000</Y> <Z>-0.000000</Z>
								<R00>0.994362</R00> <R01>-0.097658</R01> <R02>0.041316</R02>
								<R10>0.091901</R10> <R11>0.988060</R11> <R12>0.123656</R12>
								<R20>-0.052898</R20> <R21>-0.119162</R21> <R22>0.991465</R22>
							</CoordinateFrame>
							<float name="MaskWeight">0</float>
							<string name="Name">UpperTorso</string>
							<float name="Weight">1</float>
						</Properties>
						<Item class="Pose" referent="RBX64">
							<Properties>
								<CoordinateFrame name="CFrame">
									<X>0.000000</X> <Y>0.000000</Y> <Z>0.042861</Z>
									<R00>0.998650</R00> <R01>0.049130</R01> <R02>0.016874</R02>
									<R10>-0.049352</R10> <R11>0.998697</R11> <R12>0.013028</R12>
									<R20>-0.016212</R20> <R21>-0.013843</R21> <R22>0.999773</R22>
								</CoordinateFrame>
								<float name="MaskWeight">0</float>
								<string name="Name">Head</string>
								<float name="Weight">1</float>
							</Properties>
						</Item>
						<Item class="Pose" referent="RBX65">
							<Properties>
								<CoordinateFrame name="CFrame">
									<X>-0.000145</X> <Y>0.000084</Y> <Z>0.000365</Z>
									<R00>0.905530</R00> <R01>0.414274</R01> <R02>-0.091608</R02>
									<R10>-0.375654</R10> <R11>0.883202</R11> <R12>0.280781</R12>
									<R20>0.197229</R20> <R21>-0.219843</R21> <R22>0.955390</R22>
								</CoordinateFrame>
								<float name="MaskWeight">0</float>
								<string name="Name">LeftUpperArm</string>
								<float name="Weight">1</float>
							</Properties>
							<Item class="Pose" referent="RBX66">
								<Properties>
									<CoordinateFrame name="CFrame">
										<X>-0.000370</X> <Y>-0.000127</Y> <Z>0.000000</Z>
										<R00>0.998321</R00> <R01>-0.047911</R01> <R02>-0.032565</R02>
										<R10>0.031826</R10> <R11>0.923302</R11> <R12>-0.382753</R12>
										<R20>0.048405</R20> <R21>0.381074</R21> <R22>0.923277</R22>
									</CoordinateFrame>
									<float name="MaskWeight">0</float>
									<string name="Name">LeftLowerArm</string>
									<float name="Weight">1</float>
								</Properties>
								<Item class="Pose" referent="RBX67">
									<Properties>
										<CoordinateFrame name="CFrame">
											<X>-0.000000</X> <Y>0.000206</Y> <Z>0.000000</Z>
											<R00>1.000000</R00> <R01>-0.000000</R01> <R02>-0.000000</R02>
											<R10>0.000000</R10> <R11>1.000000</R11> <R12>-0.000000</R12>
											<R20>0.000000</R20> <R21>0.000000</R21> <R22>1.000000</R22>
										</CoordinateFrame>
										<float name="MaskWeight">0</float>
										<string name="Name">LeftHand</string>
										<float name="Weight">1</float>
									</Properties>
								</Item>
							</Item>
						</Item>
						<Item class="Pose" referent="RBX68">
							<Properties>
								<CoordinateFrame name="CFrame">
									<X>0.000013</X> <Y>-0.000023</Y> <Z>0.000000</Z>
									<R00>0.955128</R00> <R01>-0.265284</R01> <R02>0.131737</R02>
									<R10>0.219670</R10> <R11>0.932792</R11> <R12>0.285734</R12>
									<R20>-0.198684</R20> <R21>-0.243974</R21> <R22>0.949211</R22>
								</CoordinateFrame>
								<float name="MaskWeight">0</float>
								<string name="Name">RightUpperArm</string>
								<float name="Weight">1</float>
							</Properties>
							<Item class="Pose" referent="RBX69">
								<Properties>
									<CoordinateFrame name="CFrame">
										<X>-0.000020</X> <Y>0.000018</Y> <Z>0.000000</Z>
										<R00>0.998289</R00> <R01>-0.041397</R01> <R02>-0.041289</R02>
										<R10>0.016127</R10> <R11>0.873749</R11> <R12>-0.486110</R12>
										<R20>0.056200</R20> <R21>0.484613</R21> <R22>0.872921</R22>
									</CoordinateFrame>
									<float name="MaskWeight">0</float>
									<string name="Name">RightLowerArm</string>
									<float name="Weight">1</float>
								</Properties>
								<Item class="Pose" referent="RBX70">
									<Properties>
										<CoordinateFrame name="CFrame">
											<X>0.000000</X> <Y>-0.000000</Y> <Z>-0.000000</Z>
											<R00>1.000000</R00> <R01>-0.000000</R01> <R02>0.000000</R02>
											<R10>0.000000</R10> <R11>1.000000</R11> <R12>0.000000</R12>
											<R20>-0.000000</R20> <R21>0.000000</R21> <R22>1.000000</R22>
										</CoordinateFrame>
										<float name="MaskWeight">0</float>
										<string name="Name">RightHand</string>
										<float name="Weight">1</float>
									</Properties>
								</Item>
							</Item>
						</Item>
					</Item>
					<Item class="Pose" referent="RBX71">
						<Properties>
							<CoordinateFrame name="CFrame">
								<X>-0.000200</X> <Y>0.000102</Y> <Z>0.015000</Z>
								<R00>0.998132</R00> <R01>0.025038</R01> <R02>0.055726</R02>
								<R10>0.018130</R10> <R11>0.749670</R11> <R12>-0.661564</R12>
								<R20>-0.058341</R20> <R21>0.661338</R21> <R22>0.747815</R22>
							</CoordinateFrame>
							<float name="MaskWeight">0</float>
							<string name="Name">LeftUpperLeg</string>
							<float name="Weight">1</float>
						</Properties>
						<Item class="Pose" referent="RBX72">
							<Properties>
								<CoordinateFrame name="CFrame">
									<X>-0.000000</X> <Y>-0.000400</Y> <Z>0.000178</Z>
									<R00>1.000000</R00> <R01>0.000003</R01> <R02>0.000017</R02>
									<R10>-0.000017</R10> <R11>0.224464</R11> <R12>0.974482</R12>
									<R20>-0.000001</R20> <R21>-0.974482</R21> <R22>0.224465</R22>
								</CoordinateFrame>
								<float name="MaskWeight">0</float>
								<string name="Name">LeftLowerLeg</string>
								<float name="Weight">1</float>
							</Properties>
							<Item class="Pose" referent="RBX73">
								<Properties>
									<CoordinateFrame name="CFrame">
										<X>-0.000001</X> <Y>-0.000000</Y> <Z>0.075000</Z>
										<R00>0.996040</R00> <R01>-0.087644</R01> <R02>0.014908</R02>
										<R10>0.086123</R10> <R11>0.909633</R11> <R12>-0.406388</R12>
										<R20>0.022056</R20> <R21>0.406063</R21> <R22>0.913579</R22>
									</CoordinateFrame>
									<float name="MaskWeight">0</float>
									<string name="Name">LeftFoot</string>
									<float name="Weight">1</float>
								</Properties>
							</Item>
						</Item>
					</Item>
					<Item class="Pose" referent="RBX74">
						<Properties>
							<CoordinateFrame name="CFrame">
								<X>0.000200</X> <Y>0.000307</Y> <Z>0.015000</Z>
								<R00>0.970923</R00> <R01>-0.106270</R01> <R02>0.214513</R02>
								<R10>0.239384</R10> <R11>0.438682</R11> <R12>-0.866171</R12>
								<R20>-0.002055</R20> <R21>0.892337</R21> <R22>0.451366</R22>
							</CoordinateFrame>
							<float name="MaskWeight">0</float>
							<string name="Name">RightUpperLeg</string>
							<float name="Weight">1</float>
						</Properties>
						<Item class="Pose" referent="RBX75">
							<Properties>
								<CoordinateFrame name="CFrame">
									<X>-0.000000</X> <Y>-0.000000</Y> <Z>0.000000</Z>
									<R00>1.000000</R00> <R01>0.000000</R01> <R02>0.000000</R02>
									<R10>-0.000000</R10> <R11>0.269952</R11> <R12>0.962874</R12>
									<R20>-0.000000</R20> <R21>-0.962874</R21> <R22>0.269952</R22>
								</CoordinateFrame>
								<float name="MaskWeight">0</float>
								<string name="Name">RightLowerLeg</string>
								<float name="Weight">1</float>
							</Properties>
							<Item class="Pose" referent="RBX76">
								<Properties>
									<CoordinateFrame name="CFrame">
										<X>0.000000</X> <Y>-0.000006</Y> <Z>0.075000</Z>
										<R00>0.971524</R00> <R01>0.235094</R01> <R02>0.029523</R02>
										<R10>-0.231900</R10> <R11>0.969011</R11> <R12>-0.085094</R12>
										<R20>-0.048613</R20> <R21>0.075825</R21> <R22>0.995935</R22>
									</CoordinateFrame>
									<float name="MaskWeight">0</float>
									<string name="Name">RightFoot</string>
									<float name="Weight">1</float>
								</Properties>
							</Item>
						</Item>
					</Item>
				</Item>
			</Item>
		</Item>
		<Item class="Keyframe" referent="RBX77">
			<Properties>
				<string name="Name">Keyframe</string>
				<float name="Time">0.166667</float>
			</Properties>
			<Item class="Pose" referent="RBX80">
				<Properties>
					<CoordinateFrame name="CFrame">
						<X>0.000000</X> <Y>0.000000</Y> <Z>0.000000</Z>
						<R00>1.000000</R00> <R01>0.000000</R01> <R02>0.000000</R02>
						<R10>0.000000</R10> <R11>1.000000</R11> <R12>0.000000</R12>
						<R20>0.000000</R20> <R21>0.000000</R21> <R22>1.000000</R22>
					</CoordinateFrame>
					<float name="MaskWeight">0</float>
					<string name="Name">HumanoidRootPart</string>
					<float name="Weight">1</float>
				</Properties>
				<Item class="Pose" referent="RBX81">
					<Properties>
						<CoordinateFrame name="CFrame">
							<X>-0.069068</X> <Y>-0.566441</Y> <Z>0.249714</Z>
							<R00>0.996001</R00> <R01>0.049365</R01> <R02>-0.074467</R02>
							<R10>-0.048896</R10> <R11>0.998771</R11> <R12>0.008102</R12>
							<R20>0.074776</R20> <R21>-0.004428</R21> <R22>0.997191</R22>
						</CoordinateFrame>
						<float name="MaskWeight">0</float>
						<string name="Name">LowerTorso</string>
						<float name="Weight">1</float>
					</Properties>
					<Item class="Pose" referent="RBX82">
						<Properties>
							<CoordinateFrame name="CFrame">
								<X>-0.000000</X> <Y>0.000000</Y> <Z>-0.000000</Z>
								<R00>0.994433</R00> <R01>-0.100702</R01> <R02>0.031031</R02>
								<R10>0.090735</R10> <R11>0.968045</R11> <R12>0.233785</R12>
								<R20>-0.053582</R20> <R21>-0.229668</R21> <R22>0.971793</R22>
							</CoordinateFrame>
							<float name="MaskWeight">0</float>
							<string name="Name">UpperTorso</string>
							<float name="Weight">1</float>
						</Properties>
						<Item class="Pose" referent="RBX83">
							<Properties>
								<CoordinateFrame name="CFrame">
									<X>0.000000</X> <Y>0.000000</Y> <Z>0.042861</Z>
									<R00>0.998709</R00> <R01>0.046199</R01> <R02>0.021118</R02>
									<R10>-0.048315</R10> <R11>0.992294</R11> <R12>0.114100</R12>
									<R20>-0.015684</R20> <R21>-0.114973</R21> <R22>0.993245</R22>
								</CoordinateFrame>
								<float name="MaskWeight">0</float>
								<string name="Name">Head</string>
								<float name="Weight">1</float>
							</Properties>
						</Item>
						<Item class="Pose" referent="RBX84">
							<Properties>
								<CoordinateFrame name="CFrame">
									<X>-0.000145</X> <Y>0.000084</Y> <Z>0.000364</Z>
									<R00>0.867442</R00> <R01>0.492413</R01> <R02>-0.071237</R02>
									<R10>-0.441254</R10> <R11>0.827535</R11> <R12>0.347105</R12>
									<R20>0.229870</R20> <R21>-0.269660</R21> <R22>0.935117</R22>
								</CoordinateFrame>
								<float name="MaskWeight">0</float>
								<string name="Name">LeftUpperArm</string>
