<roblox xmlns:xmime="http://www.w3.org/2005/05/xmlmime" xmlns:xsi="http://www.w3.org/2001/XMLSchema-instance" xsi:noNamespaceSchemaLocation="http://www.mulrbx.com/roblox.xsd" version="4" assettype="animation">
   <External>null</External>
   <External>nil</External>
   <Item class="KeyframeSequence" referent="RBX0">
		<Properties>
			<bool name="Loop">true</bool>
			<string name="Name">Test</string>
			<token name="Priority">1000</token>
		</Properties>
		<Item class="Keyframe" referent="RBX1">
			<Properties>
				<string name="Name">Keyframe</string>
				<float name="Time">0.000000</float>
			</Properties>
			<Item class="Pose" referent="RBX4">
				<Properties>
					<CoordinateFrame name="CFrame">
						<X>0.000000</X> <Y>0.000000</Y> <Z>0.000000</Z>
						<R00>1.000000</R00> <R01>0.000000</R01> <R02>0.000000</R02>
						<R10>0.000000</R10> <R11>1.000000</R11> <R12>0.000000</R12>
						<R20>0.000000</R20> <R21>0.000000</R21> <R22>1.000000</R22>
					</CoordinateFrame>
					<float name="MaskWeight">0</float>
					<string name="Name">HumanoidRootPart</string>
					<float name="Weight">1</float>
				</Properties>
				<Item class="Pose" referent="RBX5">
					<Properties>
						<CoordinateFrame name="CFrame">
							<X>0.372099</X> <Y>-0.188477</Y> <Z>0.149849</Z>
							<R00>0.999994</R00> <R01>-0.003471</R01> <R02>0.000000</R02>
							<R10>0.003471</R10> <R11>0.999994</R11> <R12>0.000000</R12>
							<R20>0.000000</R20> <R21>0.000000</R21> <R22>1.000000</R22>
						</CoordinateFrame>
						<float name="MaskWeight">0</float>
						<string name="Name">LowerTorso</string>
						<float name="Weight">1</float>
					</Properties>
					<Item class="Pose" referent="RBX6">
						<Properties>
							<CoordinateFrame name="CFrame">
								<X>0.000000</X> <Y>0.000000</Y> <Z>0.000000</Z>
								<R00>0.996561</R00> <R01>-0.076401</R01> <R02>0.032074</R02>
								<R10>0.077467</R10> <R11>0.996435</R11> <R12>-0.033417</R12>
								<R20>-0.029406</R20> <R21>0.035787</R21> <R22>0.998927</R22>
							</CoordinateFrame>
							<float name="MaskWeight">0</float>
							<string name="Name">UpperTorso</string>
							<float name="Weight">1</float>
						</Properties>
						<Item class="Pose" referent="RBX7">
							<Properties>
								<CoordinateFrame name="CFrame">
									<X>-0.000000</X> <Y>0.000000</Y> <Z>0.000000</Z>
									<R00>0.992634</R00> <R01>0.087647</R01> <R02>0.083647</R02>
									<R10>-0.083571</R10> <R11>0.995194</R11> <R12>-0.051044</R12>
									<R20>-0.087719</R20> <R21>0.043677</R21> <R22>0.995187</R22>
								</CoordinateFrame>
								<float name="MaskWeight">0</float>
								<string name="Name">Head</string>
								<float name="Weight">1</float>
							</Properties>
						</Item>
						<Item class="Pose" referent="RBX8">
							<Properties>
								<CoordinateFrame name="CFrame">
									<X>-0.000145</X> <Y>0.000084</Y> <Z>0.000365</Z>
									<R00>0.368837</R00> <R01>0.753720</R01> <R02>0.543935</R02>
									<R10>-0.616672</R10> <R11>0.636285</R11> <R12>-0.463528</R12>
									<R20>-0.695468</R20> <R21>-0.164463</R21> <R22>0.699483</R22>
								</CoordinateFrame>
								<float name="MaskWeight">0</float>
								<string name="Name">LeftUpperArm</string>
								<float name="Weight">1</float>
							</Properties>
							<Item class="Pose" referent="RBX9">
								<Properties>
									<CoordinateFrame name="CFrame">
										<X>-0.000370</X> <Y>-0.000127</Y> <Z>0.000000</Z>
										<R00>0.999898</R00> <R01>-0.001978</R01> <R02>-0.014121</R02>
										<R10>-0.001895</R10> <R11>0.963107</R11> <R12>-0.269113</R12>
										<R20>0.014132</R20> <R21>0.269113</R21> <R22>0.963005</R22>
									</CoordinateFrame>
									<float name="MaskWeight">0</float>
									<string name="Name">LeftLowerArm</string>
									<float name="Weight">1</float>
								</Properties>
								<Item class="Pose" referent="RBX10">
									<Properties>
										<CoordinateFrame name="CFrame">
											<X>-0.000000</X> <Y>0.102181</Y> <Z>0.000000</Z>
											<R00>1.000000</R00> <R01>0.000000</R01> <R02>0.000000</R02>
											<R10>-0.000000</R10> <R11>1.000000</R11> <R12>0.000000</R12>
											<R20>0.000000</R20> <R21>-0.000000</R21> <R22>1.000000</R22>
										</CoordinateFrame>
										<float name="MaskWeight">0</float>
										<string name="Name">LeftHand</string>
										<float name="Weight">1</float>
									</Properties>
								</Item>
							</Item>
						</Item>
						<Item class="Pose" referent="RBX11">
							<Properties>
								<CoordinateFrame name="CFrame">
									<X>0.000013</X> <Y>-0.000024</Y> <Z>0.000000</Z>
									<R00>0.822209</R00> <R01>-0.407334</R01> <R02>-0.397558</R02>
									<R10>0.392458</R10> <R11>0.911596</R11> <R12>-0.122351</R12>
									<R20>0.412250</R20> <R21>-0.055426</R21> <R22>0.909383</R22>
								</CoordinateFrame>
								<float name="MaskWeight">0</float>
								<string name="Name">RightUpperArm</string>
								<float name="Weight">1</float>
							</Properties>
							<Item class="Pose" referent="RBX12">
								<Properties>
									<CoordinateFrame name="CFrame">
										<X>-0.000020</X> <Y>0.000018</Y> <Z>0.000000</Z>
										<R00>0.999447</R00> <R01>0.025747</R01> <R02>-0.021032</R02>
										<R10>-0.032232</R10> <R11>0.595435</R11> <R12>-0.802757</R12>
										<R20>-0.008145</R20> <R21>0.802991</R21> <R22>0.595936</R22>
									</CoordinateFrame>
									<float name="MaskWeight">0</float>
									<string name="Name">RightLowerArm</string>
									<float name="Weight">1</float>
								</Properties>
								<Item class="Pose" referent="RBX13">
									<Properties>
										<CoordinateFrame name="CFrame">
											<X>0.000000</X> <Y>0.101975</Y> <Z>0.000000</Z>
											<R00>1.000000</R00> <R01>0.000000</R01> <R02>0.000000</R02>
											<R10>0.000000</R10> <R11>1.000000</R11> <R12>0.000000</R12>
											<R20>0.000000</R20> <R21>0.000000</R21> <R22>1.000000</R22>
										</CoordinateFrame>
										<float name="MaskWeight">0</float>
										<string name="Name">RightHand</string>
										<float name="Weight">1</float>
									</Properties>
								</Item>
							</Item>
						</Item>
					</Item>
					<Item class="Pose" referent="RBX14">
						<Properties>
							<CoordinateFrame name="CFrame">
								<X>-0.000200</X> <Y>0.000102</Y> <Z>0.015000</Z>
								<R00>0.936135</R00> <R01>0.325448</R01> <R02>-0.133173</R02>
								<R10>-0.351311</R10> <R11>0.849189</R11> <R12>-0.394283</R12>
								<R20>-0.015229</R20> <R21>0.415887</R21> <R22>0.909289</R22>
							</CoordinateFrame>
							<float name="MaskWeight">0</float>
							<string name="Name">LeftUpperLeg</string>
							<float name="Weight">1</float>
						</Properties>
						<Item class="Pose" referent="RBX15">
							<Properties>
								<CoordinateFrame name="CFrame">
									<X>-0.000000</X> <Y>-0.000400</Y> <Z>0.000178</Z>
									<R00>1.000000</R00> <R01>0.000007</R01> <R02>0.000008</R02>
									<R10>-0.000011</R10> <R11>0.659061</R11> <R12>0.752090</R12>
									<R20>-0.000000</R20> <R21>-0.752090</R21> <R22>0.659061</R22>
								</CoordinateFrame>
								<float name="MaskWeight">0</float>
								<string name="Name">LeftLowerLeg</string>
								<float name="Weight">1</float>
							</Properties>
							<Item class="Pose" referent="RBX16">
								<Properties>
									<CoordinateFrame name="CFrame">
										<X>-0.000001</X> <Y>0.000000</Y> <Z>0.075000</Z>
										<R00>0.877172</R00> <R01>-0.477416</R01> <R02>0.051403</R02>
										<R10>0.478247</R10> <R11>0.878214</R11> <R12>-0.004507</R12>
										<R20>-0.042991</R20> <R21>0.028536</R21> <R22>0.998668</R22>
									</CoordinateFrame>
									<float name="MaskWeight">0</float>
									<string name="Name">LeftFoot</string>
									<float name="Weight">1</float>
								</Properties>
							</Item>
						</Item>
					</Item>
					<Item class="Pose" referent="RBX17">
						<Properties>
							<CoordinateFrame name="CFrame">
								<X>0.000200</X> <Y>0.000307</Y> <Z>0.015000</Z>
								<R00>0.993537</R00> <R01>0.110371</R01> <R02>-0.026501</R02>
								<R10>-0.110544</R10> <R11>0.887846</R11> <R12>-0.446665</R12>
								<R20>-0.025770</R20> <R21>0.446707</R21> <R22>0.894309</R22>
							</CoordinateFrame>
							<float name="MaskWeight">0</float>
							<string name="Name">RightUpperLeg</string>
							<float name="Weight">1</float>
						</Properties>
						<Item class="Pose" referent="RBX18">
							<Properties>
								<CoordinateFrame name="CFrame">
									<X>-0.000000</X> <Y>-0.000000</Y> <Z>0.000000</Z>
									<R00>1.000000</R00> <R01>0.000000</R01> <R02>0.000000</R02>
									<R10>0.000000</R10> <R11>0.904705</R11> <R12>0.426039</R12>
									<R20>0.000000</R20> <R21>-0.426039</R21> <R22>0.904705</R22>
								</CoordinateFrame>
								<float name="MaskWeight">0</float>
								<string name="Name">RightLowerLeg</string>
								<float name="Weight">1</float>
							</Properties>
							<Item class="Pose" referent="RBX19">
								<Properties>
									<CoordinateFrame name="CFrame">
										<X>0.000000</X> <Y>-0.000007</Y> <Z>0.075000</Z>
										<R00>0.998058</R00> <R01>-0.061697</R01> <R02>-0.008595</R02>
										<R10>0.060242</R10> <R11>0.991084</R11> <R12>-0.118841</R12>
										<R20>0.015851</R20> <R21>0.118092</R21> <R22>0.992876</R22>
									</CoordinateFrame>
									<float name="MaskWeight">0</float>
									<string name="Name">RightFoot</string>
									<float name="Weight">1</float>
								</Properties>
							</Item>
						</Item>
					</Item>
				</Item>
			</Item>
		</Item>
		<Item class="Keyframe" referent="RBX20">
			<Properties>
				<string name="Name">Keyframe</string>
				<float name="Time">0.042659</float>
			</Properties>
			<Item class="Pose" referent="RBX23">
				<Properties>
					<CoordinateFrame name="CFrame">
						<X>0.000000</X> <Y>0.000000</Y> <Z>0.000000</Z>
						<R00>1.000000</R00> <R01>0.000000</R01> <R02>0.000000</R02>
						<R10>0.000000</R10> <R11>1.000000</R11> <R12>0.000000</R12>
						<R20>0.000000</R20> <R21>0.000000</R21> <R22>1.000000</R22>
					</CoordinateFrame>
					<float name="MaskWeight">0</float>
					<string name="Name">HumanoidRootPart</string>
					<float name="Weight">1</float>
				</Properties>
				<Item class="Pose" referent="RBX24">
					<Properties>
						<CoordinateFrame name="CFrame">
							<X>0.374113</X> <Y>-0.182509</Y> <Z>0.149973</Z>
							<R00>0.999995</R00> <R01>-0.003262</R01> <R02>0.000000</R02>
							<R10>0.003262</R10> <R11>0.999995</R11> <R12>0.000000</R12>
							<R20>0.000000</R20> <R21>0.000000</R21> <R22>1.000000</R22>
						</CoordinateFrame>
						<float name="MaskWeight">0</float>
						<string name="Name">LowerTorso</string>
						<float name="Weight">1</float>
					</Properties>
					<Item class="Pose" referent="RBX25">
						<Properties>
							<CoordinateFrame name="CFrame">
								<X>0.000000</X> <Y>0.000000</Y> <Z>-0.000000</Z>
								<R00>0.996581</R00> <R01>-0.076205</R01> <R02>0.031927</R02>
								<R10>0.077278</R10> <R11>0.996436</R11> <R12>-0.033828</R12>
								<R20>-0.029235</R20> <R21>0.036179</R21> <R22>0.998918</R22>
							</CoordinateFrame>
							<float name="MaskWeight">0</float>
							<string name="Name">UpperTorso</string>
							<float name="Weight">1</float>
						</Properties>
						<Item class="Pose" referent="RBX26">
							<Properties>
								<CoordinateFrame name="CFrame">
									<X>-0.000000</X> <Y>0.000000</Y> <Z>0.000000</Z>
									<R00>0.992548</R00> <R01>0.087123</R01> <R02>0.085192</R02>
									<R10>-0.083247</R10> <R11>0.995370</R11> <R12>-0.048050</R12>
									<R20>-0.088983</R20> <R21>0.040600</R21> <R22>0.995205</R22>
								</CoordinateFrame>
								<float name="MaskWeight">0</float>
								<string name="Name">Head</string>
								<float name="Weight">1</float>
							</Properties>
						</Item>
						<Item class="Pose" referent="RBX27">
							<Properties>
								<CoordinateFrame name="CFrame">
									<X>-0.000145</X> <Y>0.000084</Y> <Z>0.000364</Z>
									<R00>0.431404</R00> <R01>0.732722</R01> <R02>0.526317</R02>
									<R10>-0.605991</R10> <R11>0.667543</R11> <R12>-0.432621</R12>
									<R20>-0.668330</R20> <R21>-0.132309</R21> <R22>0.732004</R22>
								</CoordinateFrame>
								<float name="MaskWeight">0</float>
								<string name="Name">LeftUpperArm</string>
								<float name="Weight">1</float>
							</Properties>
							<Item class="Pose" referent="RBX28">
								<Properties>
									<CoordinateFrame name="CFrame">
										<X>-0.000370</X> <Y>-0.000127</Y> <Z>0.000000</Z>
										<R00>0.999847</R00> <R01>-0.006627</R01> <R02>-0.016177</R02>
										<R10>0.002565</R10> <R11>0.970962</R11> <R12>-0.239217</R12>
										<R20>0.017292</R20> <R21>0.239139</R21> <R22>0.970831</R22>
									</CoordinateFrame>
									<float name="MaskWeight">0</float>
									<string name="Name">LeftLowerArm</string>
									<float name="Weight">1</float>
								</Properties>
								<Item class="Pose" referent="RBX29">
									<Properties>
										<CoordinateFrame name="CFrame">
											<X>-0.000000</X> <Y>0.102181</Y> <Z>0.000000</Z>
											<R00>1.000000</R00> <R01>0.000000</R01> <R02>0.000000</R02>
											<R10>0.000000</R10> <R11>1.000000</R11> <R12>0.000000</R12>
											<R20>-0.000000</R20> <R21>0.000000</R21> <R22>1.000000</R22>
										</CoordinateFrame>
										<float name="MaskWeight">0</float>
										<string name="Name">LeftHand</string>
										<float name="Weight">1</float>
									</Properties>
								</Item>
							</Item>
						</Item>
						<Item class="Pose" referent="RBX30">
							<Properties>
								<CoordinateFrame name="CFrame">
									<X>0.000013</X> <Y>-0.000024</Y> <Z>0.000000</Z>
									<R00>0.801256</R00> <R01>-0.444820</R01> <R02>-0.400155</R02>
									<R10>0.421435</R10> <R11>0.894320</R11> <R12>-0.150279</R12>
									<R20>0.424714</R20> <R21>-0.048227</R21> <R22>0.904042</R22>
								</CoordinateFrame>
								<float name="MaskWeight">0</float>
								<string name="Name">RightUpperArm</string>
								<float name="Weight">1</float>
							</Properties>
							<Item class="Pose" referent="RBX31">
								<Properties>
									<CoordinateFrame name="CFrame">
										<X>-0.000020</X> <Y>0.000018</Y> <Z>0.000000</Z>
										<R00>0.999410</R00> <R01>0.031370</R01> <R02>-0.013966</R02>
										<R10>-0.030194</R10> <R11>0.609101</R11> <R12>-0.792518</R12>
										<R20>-0.016355</R20> <R21>0.792472</R21> <R22>0.609689</R22>
									</CoordinateFrame>
									<float name="MaskWeight">0</float>
									<string name="Name">RightLowerArm</string>
									<float name="Weight">1</float>
								</Properties>
								<Item class="Pose" referent="RBX32">
									<Properties>
										<CoordinateFrame name="CFrame">
											<X>0.000000</X> <Y>0.101975</Y> <Z>0.000000</Z>
											<R00>1.000000</R00> <R01>0.000000</R01> <R02>0.000000</R02>
											<R10>0.000000</R10> <R11>1.000000</R11> <R12>0.000000</R12>
											<R20>0.000000</R20> <R21>0.000000</R21> <R22>1.000000</R22>
										</CoordinateFrame>
										<float name="MaskWeight">0</float>
										<string name="Name">RightHand</string>
										<float name="Weight">1</float>
									</Properties>
								</Item>
							</Item>
						</Item>
					</Item>
					<Item class="Pose" referent="RBX33">
						<Properties>
							<CoordinateFrame name="CFrame">
								<X>-0.000200</X> <Y>0.000102</Y> <Z>0.015000</Z>
								<R00>0.936336</R00> <R01>0.325772</R01> <R02>-0.130946</R02>
								<R10>-0.350823</R10> <R11>0.853166</R11> <R12>-0.386046</R12>
								<R20>-0.014045</R20> <R21>0.407407</R21> <R22>0.913139</R22>
							</CoordinateFrame>
							<float name="MaskWeight">0</float>
							<string name="Name">LeftUpperLeg</string>
							<float name="Weight">1</float>
						</Properties>
						<Item class="Pose" referent="RBX34">
							<Properties>
								<CoordinateFrame name="CFrame">
									<X>-0.000000</X> <Y>-0.000400</Y> <Z>0.000178</Z>
									<R00>1.000000</R00> <R01>0.000007</R01> <R02>0.000008</R02>
									<R10>-0.000011</R10> <R11>0.671503</R11> <R12>0.741002</R12>
									<R20>-0.000000</R20> <R21>-0.741002</R21> <R22>0.671503</R22>
								</CoordinateFrame>
								<float name="MaskWeight">0</float>
								<string name="Name">LeftLowerLeg</string>
								<float name="Weight">1</float>
							</Properties>
							<Item class="Pose" referent="RBX35">
								<Properties>
									<CoordinateFrame name="CFrame">
										<X>-0.000001</X> <Y>-0.000000</Y> <Z>0.075000</Z>
										<R00>0.877195</R00> <R01>-0.477411</R01> <R02>0.051076</R02>
										<R10>0.478254</R10> <R11>0.878207</R11> <R12>-0.005008</R12>
										<R20>-0.042464</R20> <R21>0.028820</R21> <R22>0.998682</R22>
									</CoordinateFrame>
									<float name="MaskWeight">0</float>
									<string name="Name">LeftFoot</string>
									<float name="Weight">1</float>
								</Properties>
							</Item>
						</Item>
					</Item>
					<Item class="Pose" referent="RBX36">
						<Properties>
							<CoordinateFrame name="CFrame">
								<X>0.000200</X> <Y>0.000307</Y> <Z>0.015000</Z>
								<R00>0.993477</R00> <R01>0.111157</R01> <R02>-0.025434</R02>
								<R10>-0.111205</R10> <R11>0.895126</R11> <R12>-0.431722</R12>
								<R20>-0.025222</R20> <R21>0.431734</R21> <R22>0.901648</R22>
							</CoordinateFrame>
							<float name="MaskWeight">0</float>
							<string name="Name">RightUpperLeg</string>
							<float name="Weight">1</float>
						</Properties>
						<Item class="Pose" referent="RBX37">
							<Properties>
								<CoordinateFrame name="CFrame">
									<X>0.000000</X> <Y>0.000000</Y> <Z>0.000000</Z>
									<R00>1.000000</R00> <R01>-0.000000</R01> <R02>0.000000</R02>
									<R10>0.000000</R10> <R11>0.916285</R11> <R12>0.400526</R12>
									<R20>0.000000</R20> <R21>-0.400526</R21> <R22>0.916285</R22>
								</CoordinateFrame>
								<float name="MaskWeight">0</float>
								<string name="Name">RightLowerLeg</string>
								<float name="Weight">1</float>
							</Properties>
							<Item class="Pose" referent="RBX38">
								<Properties>
									<CoordinateFrame name="CFrame">
										<X>-0.000000</X> <Y>-0.000006</Y> <Z>0.075000</Z>
										<R00>0.998057</R00> <R01>-0.061683</R01> <R02>-0.008840</R02>
										<R10>0.060197</R10> <R11>0.991064</R11> <R12>-0.119029</R12>
										<R20>0.016104</R20> <R21>0.118266</R21> <R22>0.992851</R22>
									</CoordinateFrame>
									<float name="MaskWeight">0</float>
									<string name="Name">RightFoot</string>
									<float name="Weight">1</float>
								</Properties>
							</Item>
						</Item>
					</Item>
				</Item>
			</Item>
		</Item>
		<Item class="Keyframe" referent="RBX39">
			<Properties>
				<string name="Name">Keyframe</string>
				<float name="Time">0.085317</float>
			</Properties>
			<Item class="Pose" referent="RBX42">
				<Properties>
					<CoordinateFrame name="CFrame">
						<X>0.000000</X> <Y>0.000000</Y> <Z>0.000000</Z>
						<R00>1.000000</R00> <R01>0.000000</R01> <R02>0.000000</R02>
						<R10>0.000000</R10> <R11>1.000000</R11> <R12>0.000000</R12>
						<R20>0.000000</R20> <R21>0.000000</R21> <R22>1.000000</R22>
					</CoordinateFrame>
					<float name="MaskWeight">0</float>
					<string name="Name">HumanoidRootPart</string>
					<float name="Weight">1</float>
				</Properties>
				<Item class="Pose" referent="RBX43">
					<Properties>
						<CoordinateFrame name="CFrame">
							<X>0.377923</X> <Y>-0.168104</Y> <Z>0.150060</Z>
							<R00>0.999996</R00> <R01>-0.002725</R01> <R02>0.000000</R02>
							<R10>0.002725</R10> <R11>0.999996</R11> <R12>0.000000</R12>
							<R20>0.000000</R20> <R21>0.000000</R21> <R22>1.000000</R22>
						</CoordinateFrame>
						<float name="MaskWeight">0</float>
						<string name="Name">LowerTorso</string>
						<float name="Weight">1</float>
					</Properties>
					<Item class="Pose" referent="RBX44">
						<Properties>
							<CoordinateFrame name="CFrame">
								<X>-0.000000</X> <Y>0.000000</Y> <Z>-0.000000</Z>
								<R00>0.996596</R00> <R01>-0.076041</R01> <R02>0.031844</R02>
								<R10>0.077132</R10> <R11>0.996422</R11> <R12>-0.034544</R12>
								<R20>-0.029104</R20> <R21>0.036882</R21> <R22>0.998896</R22>
							</CoordinateFrame>
							<float name="MaskWeight">0</float>
							<string name="Name">UpperTorso</string>
							<float name="Weight">1</float>
						</Properties>
						<Item class="Pose" referent="RBX45">
							<Properties>
								<CoordinateFrame name="CFrame">
									<X>0.000000</X> <Y>0.000000</Y> <Z>0.000000</Z>
									<R00>0.992395</R00> <R01>0.086052</R01> <R02>0.088024</R02>
									<R10>-0.082695</R10> <R11>0.995727</R11> <R12>-0.041096</R12>
									<R20>-0.091184</R20> <R21>0.033504</R21> <R22>0.995270</R22>
								</CoordinateFrame>
								<float name="MaskWeight">0</float>
								<string name="Name">Head</string>
								<float name="Weight">1</float>
							</Properties>
						</Item>
						<Item class="Pose" referent="RBX46">
							<Properties>
								<CoordinateFrame name="CFrame">
									<X>-0.000145</X> <Y>0.000084</Y> <Z>0.000365</Z>
									<R00>0.500858</R00> <R01>0.717207</R01> <R02>0.484517</R02>
									<R10>-0.591681</R10> <R11>0.692280</R11> <R12>-0.413112</R12>
									<R20>-0.631707</R20> <R21>-0.079769</R21> <R22>0.771092</R22>
								</CoordinateFrame>
								<float name="MaskWeight">0</float>
								<string name="Name">LeftUpperArm</string>
								<float name="Weight">1</float>
							</Properties>
							<Item class="Pose" referent="RBX47">
								<Properties>
									<CoordinateFrame name="CFrame">
										<X>-0.000370</X> <Y>-0.000127</Y> <Z>0.000000</Z>
										<R00>0.999810</R00> <R01>-0.009371</R01> <R02>-0.017100</R02>
										<R10>0.005500</R10> <R11>0.976875</R11> <R12>-0.213742</R12>
										<R20>0.018707</R20> <R21>0.213608</R21> <R22>0.976740</R22>
									</CoordinateFrame>
									<float name="MaskWeight">0</float>
									<string name="Name">LeftLowerArm</string>
									<float name="Weight">1</float>
								</Properties>
								<Item class="Pose" referent="RBX48">
									<Properties>
										<CoordinateFrame name="CFrame">
											<X>0.000000</X> <Y>0.102181</Y> <Z>-0.000000</Z>
											<R00>1.000000</R00> <R01>-0.000000</R01> <R02>0.000000</R02>
											<R10>0.000000</R10> <R11>1.000000</R11> <R12>0.000000</R12>
											<R20>0.000000</R20> <R21>-0.000000</R21> <R22>1.000000</R22>
										</CoordinateFrame>
										<float name="MaskWeight">0</float>
										<string name="Name">LeftHand</string>
										<float name="Weight">1</float>
									</Properties>
								</Item>
							</Item>
						</Item>
						<Item class="Pose" referent="RBX49">
							<Properties>
								<CoordinateFrame name="CFrame">
									<X>0.000013</X> <Y>-0.000024</Y> <Z>0.000000</Z>
									<R00>0.759903</R00> <R01>-0.516889</R01> <R02>-0.394174</R02>
									<R10>0.476488</R10> <R11>0.855398</R11> <R12>-0.203110</R12>
									<R20>0.442161</R20> <R21>-0.033475</R21> <R22>0.896311</R22>
								</CoordinateFrame>
								<float name="MaskWeight">0</float>
								<string name="Name">RightUpperArm</string>
								<float name="Weight">1</float>
							</Properties>
							<Item class="Pose" referent="RBX50">
								<Properties>
									<CoordinateFrame name="CFrame">
										<X>-0.000020</X> <Y>0.000018</Y> <Z>0.000000</Z>
										<R00>0.999042</R00> <R01>0.043587</R01> <R02>0.003887</R02>
										<R10>-0.024999</R10> <R11>0.641389</R11> <R12>-0.766808</R12>
										<R20>-0.035916</R20> <R21>0.765977</R21> <R22>0.641865</R22>
									</CoordinateFrame>
									<float name="MaskWeight">0</float>
									<string name="Name">RightLowerArm</string>
									<float name="Weight">1</float>
								</Properties>
								<Item class="Pose" referent="RBX51">
									<Properties>
										<CoordinateFrame name="CFrame">
											<X>0.000000</X> <Y>0.101975</Y> <Z>0.000000</Z>
											<R00>1.000000</R00> <R01>-0.000000</R01> <R02>-0.000000</R02>
											<R10>0.000000</R10> <R11>1.000000</R11> <R12>0.000000</R12>
											<R20>0.000000</R20> <R21>-0.000000</R21> <R22>1.000000</R22>
										</CoordinateFrame>
										<float name="MaskWeight">0</float>
										<string name="Name">RightHand</string>
										<float name="Weight">1</float>
									</Properties>
								</Item>
							</Item>
						</Item>
					</Item>
					<Item class="Pose" referent="RBX52">
						<Properties>
							<CoordinateFrame name="CFrame">
								<X>-0.000200</X> <Y>0.000102</Y> <Z>0.015000</Z>
								<R00>0.937049</R00> <R01>0.325926</R01> <R02>-0.125347</R02>
								<R10>-0.349023</R10> <R11>0.862777</R11> <R12>-0.365785</R12>
								<R20>-0.011072</R20> <R21>0.386507</R21> <R22>0.922220</R22>
							</CoordinateFrame>
							<float name="MaskWeight">0</float>
							<string name="Name">LeftUpperLeg</string>
							<float name="Weight">1</float>
						</Properties>
						<Item class="Pose" referent="RBX53">
							<Properties>
								<CoordinateFrame name="CFrame">
									<X>-0.000000</X> <Y>-0.000400</Y> <Z>0.000178</Z>
									<R00>1.000000</R00> <R01>0.000007</R01> <R02>0.000008</R02>
									<R10>-0.000010</R10> <R11>0.700984</R11> <R12>0.713177</R12>
									<R20>-0.000000</R20> <R21>-0.713177</R21> <R22>0.700984</R22>
								</CoordinateFrame>
								<float name="MaskWeight">0</float>
								<string name="Name">LeftLowerLeg</string>
								<float name="Weight">1</float>
							</Properties>
							<Item class="Pose" referent="RBX54">
								<Properties>
									<CoordinateFrame name="CFrame">
										<X>-0.000001</X> <Y>-0.000000</Y> <Z>0.075000</Z>
										<R00>0.877259</R00> <R01>-0.477315</R01> <R02>0.050865</R02>
										<R10>0.478251</R10> <R11>0.878192</R11> <R12>-0.007380</R12>
										<R20>-0.041147</R20> <R21>0.030800</R21> <R22>0.998678</R22>
									</CoordinateFrame>
									<float name="MaskWeight">0</float>
									<string name="Name">LeftFoot</string>
									<float name="Weight">1</float>
								</Properties>
							</Item>
						</Item>
					</Item>
					<Item class="Pose" referent="RBX55">
						<Properties>
							<CoordinateFrame name="CFrame">
								<X>0.000200</X> <Y>0.000307</Y> <Z>0.015000</Z>
								<R00>0.993402</R00> <R01>0.112473</R01> <R02>-0.022394</R02>
								<R10>-0.112220</R10> <R11>0.913141</R11> <R12>-0.391892</R12>
								<R20>-0.023628</R20> <R21>0.391819</R21> <R22>0.919739</R22>
							</CoordinateFrame>
							<float name="MaskWeight">0</float>
							<string name="Name">RightUpperLeg</string>
							<float name="Weight">1</float>
						</Properties>
						<Item class="Pose" referent="RBX56">
							<Properties>
								<CoordinateFrame name="CFrame">
									<X>-0.000000</X> <Y>0.000000</Y> <Z>0.000000</Z>
									<R00>1.000000</R00> <R01>-0.000000</R01> <R02>0.000000</R02>
									<R10>-0.000000</R10> <R11>0.943323</R11> <R12>0.331876</R12>
									<R20>0.000000</R20> <R21>-0.331876</R21> <R22>0.943323</R22>
								</CoordinateFrame>
								<float name="MaskWeight">0</float>
								<string name="Name">RightLowerLeg</string>
								<float name="Weight">1</float>
							</Properties>
							<Item class="Pose" referent="RBX57">
								<Properties>
									<CoordinateFrame name="CFrame">
										<X>-0.000000</X> <Y>-0.000006</Y> <Z>0.075000</Z>
										<R00>0.998064</R00> <R01>-0.061464</R01> <R02>-0.009529</R02>
										<R10>0.059877</R10> <R11>0.990932</R11> <R12>-0.120287</R12>
										<R20>0.016836</R20> <R21>0.119484</R21> <R22>0.992694</R22>
									</CoordinateFrame>
									<float name="MaskWeight">0</float>
									<string name="Name">RightFoot</string>
									<float name="Weight">1</float>
								</Properties>
							</Item>
						</Item>
					</Item>
				</Item>
			</Item>
		</Item>
		<Item class="Keyframe" referent="RBX58">
			<Properties>
				<string name="Name">Keyframe</string>
				<float name="Time">0.127976</float>
			</Properties>
			<Item class="Pose" referent="RBX61">
				<Properties>
					<CoordinateFrame name="CFrame">
						<X>0.000000</X> <Y>0.000000</Y> <Z>0.000000</Z>
						<R00>1.000000</R00> <R01>0.000000</R01> <R02>0.000000</R02>
						<R10>0.000000</R10> <R11>1.000000</R11> <R12>0.000000</R12>
						<R20>0.000000</R20> <R21>0.000000</R21> <R22>1.000000</R22>
					</CoordinateFrame>
					<float name="MaskWeight">0</float>
					<string name="Name">HumanoidRootPart</string>
					<float name="Weight">1</float>
				</Properties>
				<Item class="Pose" referent="RBX62">
					<Properties>
						<CoordinateFrame name="CFrame">
							<X>0.380184</X> <Y>-0.150508</Y> <Z>0.149681</Z>
							<R00>0.999998</R00> <R01>-0.001996</R01> <R02>0.000000</R02>
							<R10>0.001996</R10> <R11>0.999998</R11> <R12>0.000000</R12>
							<R20>0.000000</R20> <R21>0.000000</R21> <R22>1.000000</R22>
						</CoordinateFrame>
						<float name="MaskWeight">0</float>
						<string name="Name">LowerTorso</string>
						<float name="Weight">1</float>
					</Properties>
					<Item class="Pose" referent="RBX63">
						<Properties>
							<CoordinateFrame name="CFrame">
								<X>0.000000</X> <Y>0.000000</Y> <Z>0.000000</Z>
								<R00>0.996697</R00> <R01>-0.074748</R01> <R02>0.031737</R02>
								<R10>0.075845</R10> <R11>0.996509</R11> <R12>-0.034892</R12>
								<R20>-0.029019</R20> <R21>0.037184</R21> <R22>0.998887</R22>
							</CoordinateFrame>
							<float name="MaskWeight">0</float>
							<string name="Name">UpperTorso</string>
							<float name="Weight">1</float>
						</Properties>
						<Item class="Pose" referent="RBX64">
							<Properties>
								<CoordinateFrame name="CFrame">
									<X>-0.000000</X> <Y>0.000000</Y> <Z>0.000000</Z>
									<R00>0.992331</R00> <R01>0.083496</R01> <R02>0.091152</R02>
									<R10>-0.080789</R10> <R11>0.996185</R11> <R12>-0.032993</R12>
									<R20>-0.093559</R20> <R21>0.025376</R21> <R22>0.995290</R22>
								</CoordinateFrame>
								<float name="MaskWeight">0</float>
								<string name="Name">Head</string>
								<float name="Weight">1</float>
							</Properties>
						</Item>
						<Item class="Pose" referent="RBX65">
							<Properties>
								<CoordinateFrame name="CFrame">
									<X>-0.000145</X> <Y>0.000084</Y> <Z>0.000365</Z>
									<R00>0.572800</R00> <R01>0.700209</R01> <R02>0.426154</R02>
									<R10>-0.571784</R10> <R11>0.713836</R11> <R12>-0.404353</R12>
									<R20>-0.587336</R20> <R21>-0.012055</R21> <R22>0.809254</R22>
								</CoordinateFrame>
								<float name="MaskWeight">0</float>
								<string name="Name">LeftUpperArm</string>
								<float name="Weight">1</float>
							</Properties>
							<Item class="Pose" referent="RBX66">
								<Properties>
									<CoordinateFrame name="CFrame">
										<X>-0.000370</X> <Y>-0.000127</Y> <Z>-0.000000</Z>
										<R00>0.999797</R00> <R01>-0.010782</R01> <R02>-0.017048</R02>
										<R10>0.007216</R10> <R11>0.980405</R11> <R12>-0.196861</R12>
										<R20>0.018837</R20> <R21>0.196698</R21> <R22>0.980283</R22>
									</CoordinateFrame>
									<float name="MaskWeight">0</float>
									<string name="Name">LeftLowerArm</string>
									<float name="Weight">1</float>
								</Properties>
								<Item class="Pose" referent="RBX67">
									<Properties>
										<CoordinateFrame name="CFrame">
											<X>0.000000</X> <Y>0.102181</Y> <Z>0.000000</Z>
											<R00>1.000000</R00> <R01>0.000000</R01> <R02>0.000000</R02>
											<R10>0.000000</R10> <R11>1.000000</R11> <R12>0.000000</R12>
											<R20>0.000000</R20> <R21>0.000000</R21> <R22>1.000000</R22>
										</CoordinateFrame>
										<float name="MaskWeight">0</float>
										<string name="Name">LeftHand</string>
										<float name="Weight">1</float>
									</Properties>
								</Item>
							</Item>
						</Item>
						<Item class="Pose" referent="RBX68">
							<Properties>
								<CoordinateFrame name="CFrame">
									<X>0.000013</X> <Y>-0.000024</Y> <Z>0.000000</Z>
									<R00>0.701620</R00> <R01>-0.604359</R01> <R02>-0.377465</R02>
									<R10>0.540806</R10> <R11>0.796579</R11> <R12>-0.270169</R12>
									<R20>0.463959</R20> <R21>-0.014580</R21> <R22>0.885737</R22>
								</CoordinateFrame>
								<float name="MaskWeight">0</float>
								<string name="Name">RightUpperArm</string>
								<float name="Weight">1</float>
							</Properties>
							<Item class="Pose" referent="RBX69">
								<Properties>
									<CoordinateFrame name="CFrame">
										<X>-0.000020</X> <Y>0.000018</Y> <Z>-0.000000</Z>
										<R00>0.998082</R00> <R01>0.055693</R01> <R02>0.027034</R02>
										<R10>-0.018042</R10> <R11>0.679403</R11> <R12>-0.733543</R12>
										<R20>-0.059220</R20> <R21>0.731648</R21> <R22>0.679105</R22>
									</CoordinateFrame>
									<float name="MaskWeight">0</float>
									<string name="Name">RightLowerArm</string>
									<float name="Weight">1</float>
								</Properties>
								<Item class="Pose" referent="RBX70">
									<Properties>
										<CoordinateFrame name="CFrame">
											<X>0.000000</X> <Y>0.101975</Y> <Z>-0.000000</Z>
											<R00>1.000000</R00> <R01>-0.000000</R01> <R02>0.000000</R02>
											<R10>0.000000</R10> <R11>1.000000</R11> <R12>0.000000</R12>
											<R20>0.000000</R20> <R21>0.000000</R21> <R22>1.000000</R22>
										</CoordinateFrame>
										<float name="MaskWeight">0</float>
										<string name="Name">RightHand</string>
										<float name="Weight">1</float>
									</Properties>
								</Item>
							</Item>
						</Item>
					</Item>
					<Item class="Pose" referent="RBX71">
						<Properties>
							<CoordinateFrame name="CFrame">
								<X>-0.000200</X> <Y>0.000102</Y> <Z>0.015000</Z>
								<R00>0.938417</R00> <R01>0.324694</R01> <R02>-0.118098</R02>
								<R10>-0.345428</R10> <R11>0.874533</R11> <R12>-0.340398</R12>
								<R20>-0.007245</R20> <R21>0.360230</R21> <R22>0.932835</R22>
							</CoordinateFrame>
							<float name="MaskWeight">0</float>
							<string name="Name">LeftUpperLeg</string>
							<float name="Weight">1</float>
						</Properties>
						<Item class="Pose" referent="RBX72">
							<Properties>
								<CoordinateFrame name="CFrame">
									<X>-0.000000</X> <Y>-0.000400</Y> <Z>0.000178</Z>
									<R00>1.000000</R00> <R01>0.000007</R01> <R02>0.000007</R02>
									<R10>-0.000010</R10> <R11>0.735675</R11> <R12>0.677335</R12>
									<R20>-0.000000</R20> <R21>-0.677335</R21> <R22>0.735675</R22>
								</CoordinateFrame>
								<float name="MaskWeight">0</float>
								<string name="Name">LeftLowerLeg</string>
								<float name="Weight">1</float>
							</Properties>
							<Item class="Pose" referent="RBX73">
								<Properties>
									<CoordinateFrame name="CFrame">
										<X>-0.000002</X> <Y>0.000000</Y> <Z>0.075000</Z>
										<R00>0.877363</R00> <R01>-0.477009</R01> <R02>0.051926</R02>
										<R10>0.478204</R10> <R11>0.878154</R11> <R12>-0.012926</R12>
										<R20>-0.039434</R20> <R21>0.036172</R21> <R22>0.998567</R22>
									</CoordinateFrame>
									<float name="MaskWeight">0</float>
									<string name="Name">LeftFoot</string>
									<float name="Weight">1</float>
								</Properties>
							</Item>
						</Item>
					</Item>
					<Item class="Pose" referent="RBX74">
						<Properties>
							<CoordinateFrame name="CFrame">
								<X>0.000200</X> <Y>0.000307</Y> <Z>0.015000</Z>
								<R00>0.993466</R00> <R01>0.112773</R01> <R02>-0.017537</R02>
								<R10>-0.112177</R10> <R11>0.936585</R11> <R12>-0.332001</R12>
								<R20>-0.021016</R20> <R21>0.331799</R21> <R22>0.943116</R22>
							</CoordinateFrame>
							<float name="MaskWeight">0</float>
							<string name="Name">RightUpperLeg</string>
							<float name="Weight">1</float>
						</Properties>
						<Item class="Pose" referent="RBX75">
							<Properties>
								<CoordinateFrame name="CFrame">
									<X>-0.000000</X> <Y>-0.000000</Y> <Z>0.000000</Z>
									<R00>1.000000</R00> <R01>0.000000</R01> <R02>0.000000</R02>
									<R10>0.000000</R10> <R11>0.973820</R11> <R12>0.227321</R12>
									<R20>0.000000</R20> <R21>-0.227321</R21> <R22>0.973820</R22>
								</CoordinateFrame>
								<float name="MaskWeight">0</float>
								<string name="Name">RightLowerLeg</string>
								<float name="Weight">1</float>
							</Properties>
							<Item class="Pose" referent="RBX76">
								<Properties>
									<CoordinateFrame name="CFrame">
										<X>0.000000</X> <Y>-0.000007</Y> <Z>0.075000</Z>
										<R00>0.998095</R00> <R01>-0.060780</R01> <R02>-0.010593</R02>
										<R10>0.059010</R10> <R11>0.990570</R11> <R12>-0.123651</R12>
										<R20>0.018009</R20> <R21>0.122790</R21> <R22>0.992269</R22>
									</CoordinateFrame>
									<float name="MaskWeight">0</float>
									<string name="Name">RightFoot</string>
									<float name="Weight">1</float>
								</Properties>
							</Item>
						</Item>
					</Item>
				</Item>
			</Item>
		</Item>
		<Item class="Keyframe" referent="RBX77">
			<Properties>
				<string name="Name">Keyframe</string>
				<float name="Time">0.170635</float>
			</Properties>
			<Item class="Pose" referent="RBX80">
				<Properties>
					<CoordinateFrame name="CFrame">
						<X>0.000000</X> <Y>0.000000</Y> <Z>0.000000</Z>
						<R00>1.000000</R00> <R01>0.000000</R01> <R02>0.000000</R02>
						<R10>0.000000</R10> <R11>1.000000</R11> <R12>0.000000</R12>
						<R20>0.000000</R20> <R21>0.000000</R21> <R22>1.000000</R22>
					</CoordinateFrame>
					<float name="MaskWeight">0</float>
					<string name="Name">HumanoidRootPart</string>
					<float name="Weight">1</float>
				</Properties>
				<Item class="Pose" referent="RBX81">
					<Properties>
						<CoordinateFrame name="CFrame">
							<X>0.377550</X> <Y>-0.134968</Y> <Z>0.148407</Z>
							<R00>0.999999</R00> <R01>-0.001208</R01> <R02>0.000000</R02>
							<R10>0.001208</R10> <R11>0.999999</R11> <R12>0.000000</R12>
							<R20>0.000000</R20> <R21>0.000000</R21> <R22>1.000000</R22>
						</CoordinateFrame>
						<float name="MaskWeight">0</float>
						<string name="Name">LowerTorso</string>
						<float name="Weight">1</float>
					</Properties>
					<Item class="Pose" referent="RBX82">
						<Properties>
							<CoordinateFrame name="CFrame">
								<X>0.000000</X> <Y>0.000000</Y> <Z>-0.000000</Z>
								<R00>0.996967</R00> <R01>-0.071162</R01> <R02>0.031522</R02>
								<R10>0.072232</R10> <R11>0.996801</R11> <R12>-0.034202</R12>
								<R20>-0.028987</R20> <R21>0.036375</R21> <R22>0.998918</R22>
							</CoordinateFrame>
							<float name="MaskWeight">0</float>
							<string name="Name">UpperTorso</string>
							<float name="Weight">1</float>
						</Properties>
						<Item class="Pose" referent="RBX83">
							<Properties>
								<CoordinateFrame name="CFrame">
									<X>0.000000</X> <Y>0.000000</Y> <Z>-0.000000</Z>
									<R00>0.992508</R00> <R01>0.078564</R01> <R02>0.093571</R02>
									<R10>-0.076394</R10> <R11>0.996724</R11> <R12>-0.026548</R12>
									<R20>-0.095350</R20> <R21>0.019200</R21> <R22>0.995259</R22>
								</CoordinateFrame>
								<float name="MaskWeight">0</float>
								<string name="Name">Head</string>
								<float name="Weight">1</float>
							</Properties>
						</Item>
						<Item class="Pose" referent="RBX84">
							<Properties>
								<CoordinateFrame name="CFrame">
									<X>-0.000145</X> <Y>0.000084</Y> <Z>0.000365</Z>
									<R00>0.642659</R00> <R01>0.676419</R01> <R02>0.359789</R02>
									<R10>-0.546024</R10> <R11>0.733789</R11> <R12>-0.404242</R12>
									<R20>-0.537446</R20> <R21>0.063337</R21> <R22>0.840916</R22>
								</CoordinateFrame>
								<float name="MaskWeight">0</float>
								<string name="Name">LeftUpperArm</string>
