<roblox xmlns:xmime="http://www.w3.org/2005/05/xmlmime" xmlns:xsi="http://www.w3.org/2001/XMLSchema-instance" xsi:noNamespaceSchemaLocation="http://www.mulrbx.com/roblox.xsd" version="4" assettype="animation">
   <External>null</External>
   <External>nil</External>
   <Item class="KeyframeSequence" referent="RBX0">
		<Properties>
			<bool name="Loop">true</bool>
			<string name="Name">Test</string>
			<token name="Priority">1000</token>
		</Properties>
		<Item class="Keyframe" referent="RBX1">
			<Properties>
				<string name="Name">Keyframe</string>
				<float name="Time">0.000000</float>
			</Properties>
			<Item class="Pose" referent="RBX4">
				<Properties>
					<CoordinateFrame name="CFrame">
						<X>0.000000</X> <Y>0.000000</Y> <Z>0.000000</Z>
						<R00>1.000000</R00> <R01>0.000000</R01> <R02>0.000000</R02>
						<R10>0.000000</R10> <R11>1.000000</R11> <R12>0.000000</R12>
						<R20>0.000000</R20> <R21>0.000000</R21> <R22>1.000000</R22>
					</CoordinateFrame>
					<float name="MaskWeight">0</float>
					<string name="Name">HumanoidRootPart</string>
					<float name="Weight">1</float>
				</Properties>
				<Item class="Pose" referent="RBX5">
					<Properties>
						<CoordinateFrame name="CFrame">
							<X>-0.069068</X> <Y>-0.084727</Y> <Z>0.066980</Z>
							<R00>0.996001</R00> <R01>0.049365</R01> <R02>-0.074467</R02>
							<R10>-0.048896</R10> <R11>0.998771</R11> <R12>0.008102</R12>
							<R20>0.074776</R20> <R21>-0.004428</R21> <R22>0.997191</R22>
						</CoordinateFrame>
						<float name="MaskWeight">0</float>
						<string name="Name">LowerTorso</string>
						<float name="Weight">1</float>
					</Properties>
					<Item class="Pose" referent="RBX6">
						<Properties>
							<CoordinateFrame name="CFrame">
								<X>0.000000</X> <Y>0.000000</Y> <Z>0.000000</Z>
								<R00>0.994931</R00> <R01>-0.082128</R01> <R02>0.058035</R02>
								<R10>0.081401</R10> <R11>0.996572</R11> <R12>0.014790</R12>
								<R20>-0.059051</R20> <R21>-0.009991</R21> <R22>0.998205</R22>
							</CoordinateFrame>
							<float name="MaskWeight">0</float>
							<string name="Name">UpperTorso</string>
							<float name="Weight">1</float>
						</Properties>
						<Item class="Pose" referent="RBX7">
							<Properties>
								<CoordinateFrame name="CFrame">
									<X>0.000000</X> <Y>0.000000</Y> <Z>0.042861</Z>
									<R00>0.999133</R00> <R01>0.040241</R01> <R02>0.010642</R02>
									<R10>-0.040016</R10> <R11>0.998988</R11> <R12>-0.020556</R12>
									<R20>-0.011459</R20> <R21>0.020112</R21> <R22>0.999732</R22>
								</CoordinateFrame>
								<float name="MaskWeight">0</float>
								<string name="Name">Head</string>
								<float name="Weight">1</float>
							</Properties>
						</Item>
						<Item class="Pose" referent="RBX8">
							<Properties>
								<CoordinateFrame name="CFrame">
									<X>-0.000145</X> <Y>0.000084</Y> <Z>0.000365</Z>
									<R00>0.976800</R00> <R01>0.208832</R01> <R02>-0.047442</R02>
									<R10>-0.207476</R10> <R11>0.977718</R11> <R12>0.031953</R12>
									<R20>0.053058</R20> <R21>-0.021369</R21> <R22>0.998363</R22>
								</CoordinateFrame>
								<float name="MaskWeight">0</float>
								<string name="Name">LeftUpperArm</string>
								<float name="Weight">1</float>
							</Properties>
							<Item class="Pose" referent="RBX9">
								<Properties>
									<CoordinateFrame name="CFrame">
										<X>-0.000370</X> <Y>-0.000127</Y> <Z>0.000000</Z>
										<R00>0.999898</R00> <R01>-0.000949</R01> <R02>-0.014227</R02>
										<R10>-0.001895</R10> <R11>0.980083</R11> <R12>-0.198578</R12>
										<R20>0.014132</R20> <R21>0.198584</R21> <R22>0.979982</R22>
									</CoordinateFrame>
									<float name="MaskWeight">0</float>
									<string name="Name">LeftLowerArm</string>
									<float name="Weight">1</float>
								</Properties>
								<Item class="Pose" referent="RBX10">
									<Properties>
										<CoordinateFrame name="CFrame">
											<X>0.000000</X> <Y>0.000206</Y> <Z>0.000000</Z>
											<R00>1.000000</R00> <R01>-0.000000</R01> <R02>0.000000</R02>
											<R10>-0.000000</R10> <R11>1.000000</R11> <R12>0.000000</R12>
											<R20>0.000000</R20> <R21>0.000000</R21> <R22>1.000000</R22>
										</CoordinateFrame>
										<float name="MaskWeight">0</float>
										<string name="Name">LeftHand</string>
										<float name="Weight">1</float>
									</Properties>
								</Item>
							</Item>
						</Item>
						<Item class="Pose" referent="RBX11">
							<Properties>
								<CoordinateFrame name="CFrame">
									<X>0.000013</X> <Y>-0.000023</Y> <Z>-0.001684</Z>
									<R00>0.994127</R00> <R01>-0.107360</R01> <R02>0.013617</R02>
									<R10>0.101856</R10> <R11>0.970745</R11> <R12>0.217440</R12>
									<R20>-0.036563</R20> <R21>-0.214776</R21> <R22>0.975979</R22>
								</CoordinateFrame>
								<float name="MaskWeight">0</float>
								<string name="Name">RightUpperArm</string>
								<float name="Weight">1</float>
							</Properties>
							<Item class="Pose" referent="RBX12">
								<Properties>
									<CoordinateFrame name="CFrame">
										<X>-0.000020</X> <Y>0.000018</Y> <Z>0.000000</Z>
										<R00>0.999542</R00> <R01>-0.006387</R01> <R02>-0.029586</R02>
										<R10>-0.003906</R10> <R11>0.942081</R11> <R12>-0.335363</R12>
										<R20>0.030014</R20> <R21>0.335325</R21> <R22>0.941624</R22>
									</CoordinateFrame>
									<float name="MaskWeight">0</float>
									<string name="Name">RightLowerArm</string>
									<float name="Weight">1</float>
								</Properties>
								<Item class="Pose" referent="RBX13">
									<Properties>
										<CoordinateFrame name="CFrame">
											<X>-0.000000</X> <Y>-0.000000</Y> <Z>0.000000</Z>
											<R00>1.000000</R00> <R01>0.000000</R01> <R02>-0.000000</R02>
											<R10>0.000000</R10> <R11>1.000000</R11> <R12>-0.000000</R12>
											<R20>-0.000000</R20> <R21>-0.000000</R21> <R22>1.000000</R22>
										</CoordinateFrame>
										<float name="MaskWeight">0</float>
										<string name="Name">RightHand</string>
										<float name="Weight">1</float>
									</Properties>
								</Item>
							</Item>
						</Item>
					</Item>
					<Item class="Pose" referent="RBX14">
						<Properties>
							<CoordinateFrame name="CFrame">
								<X>-0.000200</X> <Y>0.000102</Y> <Z>0.015000</Z>
								<R00>0.998116</R00> <R01>0.039724</R01> <R02>0.046755</R02>
								<R10>-0.033924</R10> <R11>0.992327</R11> <R12>-0.118894</R12>
								<R20>-0.051119</R20> <R21>0.117084</R21> <R22>0.991806</R22>
							</CoordinateFrame>
							<float name="MaskWeight">0</float>
							<string name="Name">LeftUpperLeg</string>
							<float name="Weight">1</float>
						</Properties>
						<Item class="Pose" referent="RBX15">
							<Properties>
								<CoordinateFrame name="CFrame">
									<X>-0.000000</X> <Y>-0.000400</Y> <Z>0.000178</Z>
									<R00>1.000000</R00> <R01>0.000005</R01> <R02>0.000002</R02>
									<R10>-0.000005</R10> <R11>0.923531</R11> <R12>0.383524</R12>
									<R20>-0.000000</R20> <R21>-0.383524</R21> <R22>0.923531</R22>
								</CoordinateFrame>
								<float name="MaskWeight">0</float>
								<string name="Name">LeftLowerLeg</string>
								<float name="Weight">1</float>
							</Properties>
							<Item class="Pose" referent="RBX16">
								<Properties>
									<CoordinateFrame name="CFrame">
										<X>-0.000001</X> <Y>0.000000</Y> <Z>0.075000</Z>
										<R00>0.996430</R00> <R01>-0.084211</R01> <R02>0.005943</R02>
										<R10>0.082425</R10> <R11>0.955237</R11> <R12>-0.284127</R12>
										<R20>0.018250</R20> <R21>0.283602</R21> <R22>0.958768</R22>
									</CoordinateFrame>
									<float name="MaskWeight">0</float>
									<string name="Name">LeftFoot</string>
									<float name="Weight">1</float>
								</Properties>
							</Item>
						</Item>
					</Item>
					<Item class="Pose" referent="RBX17">
						<Properties>
							<CoordinateFrame name="CFrame">
								<X>0.000200</X> <Y>0.000307</Y> <Z>0.015000</Z>
								<R00>0.958437</R00> <R01>-0.232723</R01> <R02>0.165043</R02>
								<R10>0.281669</R10> <R11>0.863894</R11> <R12>-0.417552</R12>
								<R20>-0.045406</R20> <R21>0.446685</R21> <R22>0.893538</R22>
							</CoordinateFrame>
							<float name="MaskWeight">0</float>
							<string name="Name">RightUpperLeg</string>
							<float name="Weight">1</float>
						</Properties>
						<Item class="Pose" referent="RBX18">
							<Properties>
								<CoordinateFrame name="CFrame">
									<X>-0.000000</X> <Y>0.000000</Y> <Z>0.000000</Z>
									<R00>1.000000</R00> <R01>-0.000000</R01> <R02>-0.000000</R02>
									<R10>0.000000</R10> <R11>0.902876</R11> <R12>0.429900</R12>
									<R20>-0.000000</R20> <R21>-0.429900</R21> <R22>0.902876</R22>
								</CoordinateFrame>
								<float name="MaskWeight">0</float>
								<string name="Name">RightLowerLeg</string>
								<float name="Weight">1</float>
							</Properties>
							<Item class="Pose" referent="RBX19">
								<Properties>
									<CoordinateFrame name="CFrame">
										<X>-0.000000</X> <Y>-0.000006</Y> <Z>0.075814</Z>
										<R00>0.971524</R00> <R01>0.234805</R01> <R02>0.031742</R02>
										<R10>-0.231900</R10> <R11>0.969771</R11> <R12>-0.075936</R12>
										<R20>-0.048613</R20> <R21>0.066413</R21> <R22>0.996607</R22>
									</CoordinateFrame>
									<float name="MaskWeight">0</float>
									<string name="Name">RightFoot</string>
									<float name="Weight">1</float>
								</Properties>
							</Item>
						</Item>
					</Item>
				</Item>
			</Item>
		</Item>
		<Item class="Keyframe" referent="RBX20">
			<Properties>
				<string name="Name">Keyframe</string>
				<float name="Time">0.042683</float>
			</Properties>
			<Item class="Pose" referent="RBX23">
				<Properties>
					<CoordinateFrame name="CFrame">
						<X>0.000000</X> <Y>0.000000</Y> <Z>0.000000</Z>
						<R00>1.000000</R00> <R01>0.000000</R01> <R02>0.000000</R02>
						<R10>0.000000</R10> <R11>1.000000</R11> <R12>0.000000</R12>
						<R20>0.000000</R20> <R21>0.000000</R21> <R22>1.000000</R22>
					</CoordinateFrame>
					<float name="MaskWeight">0</float>
					<string name="Name">HumanoidRootPart</string>
					<float name="Weight">1</float>
				</Properties>
				<Item class="Pose" referent="RBX24">
					<Properties>
						<CoordinateFrame name="CFrame">
							<X>-0.059909</X> <Y>-0.101436</Y> <Z>0.082277</Z>
							<R00>0.995879</R00> <R01>0.051771</R01> <R02>-0.074461</R02>
							<R10>-0.051309</R10> <R11>0.998650</R11> <R12>0.008101</R12>
							<R20>0.074780</R20> <R21>-0.004247</R21> <R22>0.997191</R22>
						</CoordinateFrame>
						<float name="MaskWeight">0</float>
						<string name="Name">LowerTorso</string>
						<float name="Weight">1</float>
					</Properties>
					<Item class="Pose" referent="RBX25">
						<Properties>
							<CoordinateFrame name="CFrame">
								<X>-0.000000</X> <Y>0.000000</Y> <Z>-0.000000</Z>
								<R00>0.995788</R00> <R01>-0.075856</R01> <R02>0.051504</R02>
								<R10>0.073402</R10> <R11>0.996148</R11> <R12>0.047960</R12>
								<R20>-0.054944</R20> <R21>-0.043977</R21> <R22>0.997520</R22>
							</CoordinateFrame>
							<float name="MaskWeight">0</float>
							<string name="Name">UpperTorso</string>
							<float name="Weight">1</float>
						</Properties>
						<Item class="Pose" referent="RBX26">
							<Properties>
								<CoordinateFrame name="CFrame">
									<X>-0.000000</X> <Y>0.000000</Y> <Z>0.042861</Z>
									<R00>0.999438</R00> <R01>0.030455</R01> <R02>0.014004</R02>
									<R10>-0.030277</R10> <R11>0.999461</R11> <R12>-0.012703</R12>
									<R20>-0.014383</R20> <R21>0.012272</R21> <R22>0.999821</R22>
								</CoordinateFrame>
								<float name="MaskWeight">0</float>
								<string name="Name">Head</string>
								<float name="Weight">1</float>
							</Properties>
						</Item>
						<Item class="Pose" referent="RBX27">
							<Properties>
								<CoordinateFrame name="CFrame">
									<X>-0.000144</X> <Y>0.000084</Y> <Z>0.000365</Z>
									<R00>0.957623</R00> <R01>0.274971</R01> <R02>-0.085726</R02>
									<R10>-0.269627</R10> <R11>0.960496</R11> <R12>0.068912</R12>
									<R20>0.101288</R20> <R21>-0.042878</R21> <R22>0.993933</R22>
								</CoordinateFrame>
								<float name="MaskWeight">0</float>
								<string name="Name">LeftUpperArm</string>
								<float name="Weight">1</float>
							</Properties>
							<Item class="Pose" referent="RBX28">
								<Properties>
									<CoordinateFrame name="CFrame">
										<X>-0.000370</X> <Y>-0.000127</Y> <Z>0.000000</Z>
										<R00>0.999716</R00> <R01>0.001262</R01> <R02>-0.023815</R02>
										<R10>-0.007757</R10> <R11>0.961497</R11> <R12>-0.274705</R12>
										<R20>0.022551</R20> <R21>0.274812</R21> <R22>0.961234</R22>
									</CoordinateFrame>
									<float name="MaskWeight">0</float>
									<string name="Name">LeftLowerArm</string>
									<float name="Weight">1</float>
								</Properties>
								<Item class="Pose" referent="RBX29">
									<Properties>
										<CoordinateFrame name="CFrame">
											<X>0.000000</X> <Y>0.000206</Y> <Z>0.000000</Z>
											<R00>1.000000</R00> <R01>-0.000000</R01> <R02>0.000000</R02>
											<R10>0.000000</R10> <R11>1.000000</R11> <R12>-0.000000</R12>
											<R20>0.000000</R20> <R21>0.000000</R21> <R22>1.000000</R22>
										</CoordinateFrame>
										<float name="MaskWeight">0</float>
										<string name="Name">LeftHand</string>
										<float name="Weight">1</float>
									</Properties>
								</Item>
							</Item>
						</Item>
						<Item class="Pose" referent="RBX30">
							<Properties>
								<CoordinateFrame name="CFrame">
									<X>0.000013</X> <Y>-0.000024</Y> <Z>-0.001684</Z>
									<R00>0.978118</R00> <R01>-0.205011</R01> <R02>0.035422</R02>
									<R10>0.192693</R10> <R11>0.956893</R11> <R12>0.217313</R12>
									<R20>-0.078447</R20> <R21>-0.205733</R21> <R22>0.975459</R22>
								</CoordinateFrame>
								<float name="MaskWeight">0</float>
								<string name="Name">RightUpperArm</string>
								<float name="Weight">1</float>
							</Properties>
							<Item class="Pose" referent="RBX31">
								<Properties>
									<CoordinateFrame name="CFrame">
										<X>-0.000020</X> <Y>0.000018</Y> <Z>0.000000</Z>
										<R00>0.999791</R00> <R01>-0.016443</R01> <R02>-0.012158</R02>
										<R10>0.010150</R10> <R11>0.915141</R11> <R12>-0.403007</R12>
										<R20>0.017753</R20> <R21>0.402799</R21> <R22>0.915116</R22>
									</CoordinateFrame>
									<float name="MaskWeight">0</float>
									<string name="Name">RightLowerArm</string>
									<float name="Weight">1</float>
								</Properties>
								<Item class="Pose" referent="RBX32">
									<Properties>
										<CoordinateFrame name="CFrame">
											<X>0.000000</X> <Y>-0.000000</Y> <Z>0.000000</Z>
											<R00>1.000000</R00> <R01>-0.000000</R01> <R02>-0.000000</R02>
											<R10>-0.000000</R10> <R11>1.000000</R11> <R12>0.000000</R12>
											<R20>0.000000</R20> <R21>0.000000</R21> <R22>1.000000</R22>
										</CoordinateFrame>
										<float name="MaskWeight">0</float>
										<string name="Name">RightHand</string>
										<float name="Weight">1</float>
									</Properties>
								</Item>
							</Item>
						</Item>
					</Item>
					<Item class="Pose" referent="RBX33">
						<Properties>
							<CoordinateFrame name="CFrame">
								<X>-0.000200</X> <Y>0.000102</Y> <Z>0.015000</Z>
								<R00>0.997891</R00> <R01>0.046118</R01> <R02>0.045682</R02>
								<R10>-0.037697</R10> <R11>0.984627</R11> <R12>-0.170552</R12>
								<R20>-0.052845</R20> <R21>0.168470</R21> <R22>0.984289</R22>
							</CoordinateFrame>
							<float name="MaskWeight">0</float>
							<string name="Name">LeftUpperLeg</string>
							<float name="Weight">1</float>
						</Properties>
						<Item class="Pose" referent="RBX34">
							<Properties>
								<CoordinateFrame name="CFrame">
									<X>-0.000000</X> <Y>-0.000400</Y> <Z>0.000178</Z>
									<R00>1.000000</R00> <R01>0.000005</R01> <R02>0.000003</R02>
									<R10>-0.000006</R10> <R11>0.890931</R11> <R12>0.454138</R12>
									<R20>-0.000000</R20> <R21>-0.454138</R21> <R22>0.890931</R22>
								</CoordinateFrame>
								<float name="MaskWeight">0</float>
								<string name="Name">LeftLowerLeg</string>
								<float name="Weight">1</float>
							</Properties>
							<Item class="Pose" referent="RBX35">
								<Properties>
									<CoordinateFrame name="CFrame">
										<X>-0.000001</X> <Y>0.000000</Y> <Z>0.075000</Z>
										<R00>0.995559</R00> <R01>-0.093831</R01> <R02>0.007611</R02>
										<R10>0.091904</R10> <R11>0.951226</R11> <R12>-0.294486</R12>
										<R20>0.020393</R20> <R21>0.293878</R21> <R22>0.955625</R22>
									</CoordinateFrame>
									<float name="MaskWeight">0</float>
									<string name="Name">LeftFoot</string>
									<float name="Weight">1</float>
								</Properties>
							</Item>
						</Item>
					</Item>
					<Item class="Pose" referent="RBX36">
						<Properties>
							<CoordinateFrame name="CFrame">
								<X>0.000200</X> <Y>0.000307</Y> <Z>0.015000</Z>
								<R00>0.958895</R00> <R01>-0.225108</R01> <R02>0.172760</R02>
								<R10>0.280755</R10> <R11>0.841008</R11> <R12>-0.462474</R12>
								<R20>-0.041186</R20> <R21>0.491967</R21> <R22>0.869639</R22>
							</CoordinateFrame>
							<float name="MaskWeight">0</float>
							<string name="Name">RightUpperLeg</string>
							<float name="Weight">1</float>
						</Properties>
						<Item class="Pose" referent="RBX37">
							<Properties>
								<CoordinateFrame name="CFrame">
									<X>0.000000</X> <Y>-0.000000</Y> <Z>0.000000</Z>
									<R00>1.000000</R00> <R01>-0.000000</R01> <R02>-0.000000</R02>
									<R10>0.000000</R10> <R11>0.868526</R11> <R12>0.495643</R12>
									<R20>-0.000000</R20> <R21>-0.495643</R21> <R22>0.868526</R22>
								</CoordinateFrame>
								<float name="MaskWeight">0</float>
								<string name="Name">RightLowerLeg</string>
								<float name="Weight">1</float>
							</Properties>
							<Item class="Pose" referent="RBX38">
								<Properties>
									<CoordinateFrame name="CFrame">
										<X>0.000000</X> <Y>-0.000006</Y> <Z>0.075814</Z>
										<R00>0.972685</R00> <R01>0.230448</R01> <R02>0.027891</R02>
										<R10>-0.227085</R10> <R11>0.969566</R11> <R12>-0.091505</R12>
										<R20>-0.048129</R20> <R21>0.082672</R21> <R22>0.995414</R22>
									</CoordinateFrame>
									<float name="MaskWeight">0</float>
									<string name="Name">RightFoot</string>
									<float name="Weight">1</float>
								</Properties>
							</Item>
						</Item>
					</Item>
				</Item>
			</Item>
		</Item>
		<Item class="Keyframe" referent="RBX39">
			<Properties>
				<string name="Name">Keyframe</string>
				<float name="Time">0.085366</float>
			</Properties>
			<Item class="Pose" referent="RBX42">
				<Properties>
					<CoordinateFrame name="CFrame">
						<X>0.000000</X> <Y>0.000000</Y> <Z>0.000000</Z>
						<R00>1.000000</R00> <R01>0.000000</R01> <R02>0.000000</R02>
						<R10>0.000000</R10> <R11>1.000000</R11> <R12>0.000000</R12>
						<R20>0.000000</R20> <R21>0.000000</R21> <R22>1.000000</R22>
					</CoordinateFrame>
					<float name="MaskWeight">0</float>
					<string name="Name">HumanoidRootPart</string>
					<float name="Weight">1</float>
				</Properties>
				<Item class="Pose" referent="RBX43">
					<Properties>
						<CoordinateFrame name="CFrame">
							<X>-0.037078</X> <Y>-0.138587</Y> <Z>0.115402</Z>
							<R00>0.995524</R00> <R01>0.058218</R01> <R02>-0.074447</R02>
							<R10>-0.057774</R10> <R11>0.998297</R11> <R12>0.008100</R12>
							<R20>0.074792</R20> <R21>-0.003763</R21> <R22>0.997192</R22>
						</CoordinateFrame>
						<float name="MaskWeight">0</float>
						<string name="Name">LowerTorso</string>
						<float name="Weight">1</float>
					</Properties>
					<Item class="Pose" referent="RBX44">
						<Properties>
							<CoordinateFrame name="CFrame">
								<X>-0.000000</X> <Y>0.000000</Y> <Z>0.000000</Z>
								<R00>0.997576</R00> <R01>-0.058285</R01> <R02>0.038024</R02>
								<R10>0.053333</R10> <R11>0.991303</R11> <R12>0.120309</R12>
								<R20>-0.044705</R20> <R21>-0.117989</R21> <R22>0.992008</R22>
							</CoordinateFrame>
							<float name="MaskWeight">0</float>
							<string name="Name">UpperTorso</string>
							<float name="Weight">1</float>
						</Properties>
						<Item class="Pose" referent="RBX45">
							<Properties>
								<CoordinateFrame name="CFrame">
									<X>-0.000000</X> <Y>0.000000</Y> <Z>0.042861</Z>
									<R00>0.999749</R00> <R01>0.006559</R01> <R02>0.021430</R02>
									<R10>-0.006705</R10> <R11>0.999955</R11> <R12>0.006742</R12>
									<R20>-0.021385</R20> <R21>-0.006884</R21> <R22>0.999748</R22>
								</CoordinateFrame>
								<float name="MaskWeight">0</float>
								<string name="Name">Head</string>
								<float name="Weight">1</float>
							</Properties>
						</Item>
						<Item class="Pose" referent="RBX46">
							<Properties>
								<CoordinateFrame name="CFrame">
									<X>-0.000145</X> <Y>0.000084</Y> <Z>0.000365</Z>
									<R00>0.891008</R00> <R01>0.433473</R01> <R02>-0.134929</R02>
									<R10>-0.411931</R10> <R11>0.896867</R11> <R12>0.161070</R12>
									<R20>0.190832</R20> <R21>-0.087933</R21> <R22>0.977676</R22>
								</CoordinateFrame>
								<float name="MaskWeight">0</float>
								<string name="Name">LeftUpperArm</string>
								<float name="Weight">1</float>
							</Properties>
							<Item class="Pose" referent="RBX47">
								<Properties>
									<CoordinateFrame name="CFrame">
										<X>-0.000370</X> <Y>-0.000127</Y> <Z>-0.000000</Z>
										<R00>0.998943</R00> <R01>0.000686</R01> <R02>-0.045958</R02>
										<R10>-0.020641</R10> <R11>0.900086</R11> <R12>-0.435224</R12>
										<R20>0.041067</R20> <R21>0.435713</R21> <R22>0.899148</R22>
									</CoordinateFrame>
									<float name="MaskWeight">0</float>
									<string name="Name">LeftLowerArm</string>
									<float name="Weight">1</float>
								</Properties>
								<Item class="Pose" referent="RBX48">
									<Properties>
										<CoordinateFrame name="CFrame">
											<X>0.000000</X> <Y>0.000206</Y> <Z>0.000000</Z>
											<R00>1.000000</R00> <R01>-0.000000</R01> <R02>0.000000</R02>
											<R10>-0.000000</R10> <R11>1.000000</R11> <R12>0.000000</R12>
											<R20>0.000000</R20> <R21>0.000000</R21> <R22>1.000000</R22>
										</CoordinateFrame>
										<float name="MaskWeight">0</float>
										<string name="Name">LeftHand</string>
										<float name="Weight">1</float>
									</Properties>
								</Item>
							</Item>
						</Item>
						<Item class="Pose" referent="RBX49">
							<Properties>
								<CoordinateFrame name="CFrame">
									<X>0.000013</X> <Y>-0.000023</Y> <Z>-0.001684</Z>
									<R00>0.906248</R00> <R01>-0.415015</R01> <R02>0.080485</R02>
									<R10>0.386994</R10> <R11>0.891057</R11> <R12>0.237179</R12>
									<R20>-0.170149</R20> <R21>-0.183796</R21> <R22>0.968126</R22>
								</CoordinateFrame>
								<float name="MaskWeight">0</float>
								<string name="Name">RightUpperArm</string>
								<float name="Weight">1</float>
							</Properties>
							<Item class="Pose" referent="RBX50">
								<Properties>
									<CoordinateFrame name="CFrame">
										<X>-0.000020</X> <Y>0.000018</Y> <Z>0.000000</Z>
										<R00>0.999058</R00> <R01>-0.029830</R01> <R02>0.031509</R02>
										<R10>0.042181</R10> <R11>0.837928</R11> <R12>-0.544148</R12>
										<R20>-0.010170</R20> <R21>0.544965</R21> <R22>0.838397</R22>
									</CoordinateFrame>
									<float name="MaskWeight">0</float>
									<string name="Name">RightLowerArm</string>
									<float name="Weight">1</float>
								</Properties>
								<Item class="Pose" referent="RBX51">
									<Properties>
										<CoordinateFrame name="CFrame">
											<X>-0.000000</X> <Y>0.000000</Y> <Z>0.000000</Z>
											<R00>1.000000</R00> <R01>0.000000</R01> <R02>0.000000</R02>
											<R10>0.000000</R10> <R11>1.000000</R11> <R12>0.000000</R12>
											<R20>0.000000</R20> <R21>0.000000</R21> <R22>1.000000</R22>
										</CoordinateFrame>
										<float name="MaskWeight">0</float>
										<string name="Name">RightHand</string>
										<float name="Weight">1</float>
									</Properties>
								</Item>
							</Item>
						</Item>
					</Item>
					<Item class="Pose" referent="RBX52">
						<Properties>
							<CoordinateFrame name="CFrame">
								<X>-0.000200</X> <Y>0.000102</Y> <Z>0.015000</Z>
								<R00>0.997298</R00> <R01>0.059844</R01> <R02>0.042604</R02>
								<R10>-0.046514</R10> <R11>0.963317</R11> <R12>-0.264303</R12>
								<R20>-0.056858</R20> <R21>0.261607</R21> <R22>0.963498</R22>
							</CoordinateFrame>
							<float name="MaskWeight">0</float>
							<string name="Name">LeftUpperLeg</string>
							<float name="Weight">1</float>
						</Properties>
						<Item class="Pose" referent="RBX53">
							<Properties>
								<CoordinateFrame name="CFrame">
									<X>-0.000000</X> <Y>-0.000400</Y> <Z>0.000178</Z>
									<R00>1.000000</R00> <R01>0.000006</R01> <R02>0.000005</R02>
									<R10>-0.000008</R10> <R11>0.820130</R11> <R12>0.572178</R12>
									<R20>-0.000000</R20> <R21>-0.572178</R21> <R22>0.820130</R22>
								</CoordinateFrame>
								<float name="MaskWeight">0</float>
								<string name="Name">LeftLowerLeg</string>
								<float name="Weight">1</float>
							</Properties>
							<Item class="Pose" referent="RBX54">
								<Properties>
									<CoordinateFrame name="CFrame">
										<X>-0.000001</X> <Y>-0.000000</Y> <Z>0.075000</Z>
										<R00>0.993125</R00> <R01>-0.116388</R01> <R02>0.012534</R02>
										<R10>0.114337</R10> <R11>0.941474</R11> <R12>-0.317103</R12>
										<R20>0.025107</R20> <R21>0.316356</R21> <R22>0.948308</R22>
									</CoordinateFrame>
									<float name="MaskWeight">0</float>
									<string name="Name">LeftFoot</string>
									<float name="Weight">1</float>
								</Properties>
							</Item>
						</Item>
					</Item>
					<Item class="Pose" referent="RBX55">
						<Properties>
							<CoordinateFrame name="CFrame">
								<X>0.000200</X> <Y>0.000307</Y> <Z>0.015000</Z>
								<R00>0.959836</R00> <R01>-0.208849</R01> <R02>0.187339</R02>
								<R10>0.278532</R10> <R11>0.789486</R11> <R12>-0.546930</R12>
								<R20>-0.033676</R20> <R21>0.577144</R21> <R22>0.815948</R22>
							</CoordinateFrame>
							<float name="MaskWeight">0</float>
							<string name="Name">RightUpperLeg</string>
							<float name="Weight">1</float>
						</Properties>
						<Item class="Pose" referent="RBX56">
							<Properties>
								<CoordinateFrame name="CFrame">
									<X>0.000000</X> <Y>0.000000</Y> <Z>0.000000</Z>
									<R00>1.000000</R00> <R01>-0.000000</R01> <R02>-0.000000</R02>
									<R10>-0.000000</R10> <R11>0.790098</R11> <R12>0.612980</R12>
									<R20>0.000000</R20> <R21>-0.612980</R21> <R22>0.790098</R22>
								</CoordinateFrame>
								<float name="MaskWeight">0</float>
								<string name="Name">RightLowerLeg</string>
								<float name="Weight">1</float>
							</Properties>
							<Item class="Pose" referent="RBX57">
								<Properties>
									<CoordinateFrame name="CFrame">
										<X>0.000000</X> <Y>-0.000006</Y> <Z>0.075814</Z>
										<R00>0.975572</R00> <R01>0.218798</R01> <R02>0.019666</R02>
										<R10>-0.214605</R10> <R11>0.968339</R11> <R12>-0.127528</R12>
										<R20>-0.046946</R20> <R21>0.120193</R21> <R22>0.991640</R22>
									</CoordinateFrame>
									<float name="MaskWeight">0</float>
									<string name="Name">RightFoot</string>
									<float name="Weight">1</float>
								</Properties>
							</Item>
						</Item>
					</Item>
				</Item>
			</Item>
		</Item>
		<Item class="Keyframe" referent="RBX58">
			<Properties>
				<string name="Name">Keyframe</string>
				<float name="Time">0.128049</float>
			</Properties>
			<Item class="Pose" referent="RBX61">
				<Properties>
					<CoordinateFrame name="CFrame">
						<X>0.000000</X> <Y>0.000000</Y> <Z>0.000000</Z>
						<R00>1.000000</R00> <R01>0.000000</R01> <R02>0.000000</R02>
						<R10>0.000000</R10> <R11>1.000000</R11> <R12>0.000000</R12>
						<R20>0.000000</R20> <R21>0.000000</R21> <R22>1.000000</R22>
					</CoordinateFrame>
					<float name="MaskWeight">0</float>
					<string name="Name">HumanoidRootPart</string>
					<float name="Weight">1</float>
				</Properties>
				<Item class="Pose" referent="RBX62">
					<Properties>
						<CoordinateFrame name="CFrame">
							<X>-0.007549</X> <Y>-0.176711</Y> <Z>0.147210</Z>
							<R00>0.994936</R00> <R01>0.067546</R01> <R02>-0.074432</R02>
							<R10>-0.067129</R10> <R11>0.997711</R11> <R12>0.008098</R12>
							<R20>0.074809</R20> <R21>-0.003061</R21> <R22>0.997193</R22>
						</CoordinateFrame>
						<float name="MaskWeight">0</float>
						<string name="Name">LowerTorso</string>
						<float name="Weight">1</float>
					</Properties>
					<Item class="Pose" referent="RBX63">
						<Properties>
							<CoordinateFrame name="CFrame">
								<X>0.000000</X> <Y>0.000000</Y> <Z>0.000000</Z>
								<R00>0.999138</R00> <R01>-0.032599</R01> <R02>0.025721</R02>
								<R10>0.027102</R10> <R11>0.981244</R11> <R12>0.190855</R12>
								<R20>-0.031460</R20> <R21>-0.189994</R21> <R22>0.981281</R22>
							</CoordinateFrame>
							<float name="MaskWeight">0</float>
							<string name="Name">UpperTorso</string>
							<float name="Weight">1</float>
						</Properties>
						<Item class="Pose" referent="RBX64">
							<Properties>
								<CoordinateFrame name="CFrame">
									<X>0.000000</X> <Y>0.000000</Y> <Z>0.042862</Z>
									<R00>0.999309</R00> <R01>-0.023132</R01> <R02>0.029097</R02>
									<R10>0.022215</R10> <R11>0.999258</R11> <R12>0.031469</R12>
									<R20>-0.029803</R20> <R21>-0.030801</R21> <R22>0.999081</R22>
								</CoordinateFrame>
								<float name="MaskWeight">0</float>
								<string name="Name">Head</string>
								<float name="Weight">1</float>
							</Properties>
						</Item>
						<Item class="Pose" referent="RBX65">
							<Properties>
								<CoordinateFrame name="CFrame">
									<X>-0.000145</X> <Y>0.000084</Y> <Z>0.000365</Z>
									<R00>0.785993</R00> <R01>0.607478</R01> <R02>-0.114829</R02>
									<R10>-0.569511</R10> <R11>0.783722</R11> <R12>0.247866</R12>
									<R20>0.240567</R20> <R21>-0.129424</R21> <R22>0.961965</R22>
								</CoordinateFrame>
								<float name="MaskWeight">0</float>
								<string name="Name">LeftUpperArm</string>
								<float name="Weight">1</float>
							</Properties>
							<Item class="Pose" referent="RBX66">
								<Properties>
									<CoordinateFrame name="CFrame">
										<X>-0.000370</X> <Y>-0.000127</Y> <Z>0.000000</Z>
										<R00>0.997662</R00> <R01>-0.007556</R01> <R02>-0.067921</R02>
										<R10>-0.033494</R10> <R11>0.812252</R11> <R12>-0.582344</R12>
										<R20>0.059569</R20> <R21>0.583258</R21> <R22>0.810100</R22>
									</CoordinateFrame>
									<float name="MaskWeight">0</float>
									<string name="Name">LeftLowerArm</string>
									<float name="Weight">1</float>
								</Properties>
								<Item class="Pose" referent="RBX67">
									<Properties>
										<CoordinateFrame name="CFrame">
											<X>0.000000</X> <Y>0.000206</Y> <Z>0.000000</Z>
											<R00>1.000000</R00> <R01>0.000000</R01> <R02>0.000000</R02>
											<R10>-0.000000</R10> <R11>1.000000</R11> <R12>-0.000000</R12>
											<R20>-0.000000</R20> <R21>-0.000000</R21> <R22>1.000000</R22>
										</CoordinateFrame>
										<float name="MaskWeight">0</float>
										<string name="Name">LeftHand</string>
										<float name="Weight">1</float>
									</Properties>
								</Item>
							</Item>
						</Item>
						<Item class="Pose" referent="RBX68">
							<Properties>
								<CoordinateFrame name="CFrame">
									<X>0.000013</X> <Y>-0.000023</Y> <Z>-0.001684</Z>
									<R00>0.782970</R00> <R01>-0.611770</R01> <R02>0.112676</R02>
									<R10>0.564786</R10> <R11>0.775040</R11> <R12>0.283426</R12>
									<R20>-0.260720</R20> <R21>-0.158276</R21> <R22>0.952352</R22>
								</CoordinateFrame>
								<float name="MaskWeight">0</float>
								<string name="Name">RightUpperArm</string>
								<float name="Weight">1</float>
							</Properties>
							<Item class="Pose" referent="RBX69">
								<Properties>
									<CoordinateFrame name="CFrame">
										<X>-0.000020</X> <Y>0.000018</Y> <Z>0.000000</Z>
										<R00>0.996220</R00> <R01>-0.029345</R01> <R02>0.081756</R02>
										<R10>0.076877</R10> <R11>0.736002</R11> <R12>-0.672600</R12>
										<R20>-0.040435</R20> <R21>0.676343</R21> <R22>0.735476</R22>
									</CoordinateFrame>
									<float name="MaskWeight">0</float>
									<string name="Name">RightLowerArm</string>
									<float name="Weight">1</float>
								</Properties>
								<Item class="Pose" referent="RBX70">
									<Properties>
										<CoordinateFrame name="CFrame">
											<X>0.000000</X> <Y>-0.000000</Y> <Z>-0.000000</Z>
											<R00>1.000000</R00> <R01>0.000000</R01> <R02>0.000000</R02>
											<R10>-0.000000</R10> <R11>1.000000</R11> <R12>0.000000</R12>
											<R20>-0.000000</R20> <R21>0.000000</R21> <R22>1.000000</R22>
										</CoordinateFrame>
										<float name="MaskWeight">0</float>
										<string name="Name">RightHand</string>
										<float name="Weight">1</float>
									</Properties>
								</Item>
							</Item>
						</Item>
					</Item>
					<Item class="Pose" referent="RBX71">
						<Properties>
							<CoordinateFrame name="CFrame">
								<X>-0.000200</X> <Y>0.000102</Y> <Z>0.015000</Z>
								<R00>0.996508</R00> <R01>0.073932</R01> <R02>0.038797</R02>
								<R10>-0.056426</R10> <R11>0.938827</R11> <R12>-0.339735</R12>
								<R20>-0.061541</R20> <R21>0.336360</R21> <R22>0.939721</R22>
							</CoordinateFrame>
							<float name="MaskWeight">0</float>
							<string name="Name">LeftUpperLeg</string>
							<float name="Weight">1</float>
						</Properties>
						<Item class="Pose" referent="RBX72">
							<Properties>
								<CoordinateFrame name="CFrame">
									<X>-0.000000</X> <Y>-0.000400</Y> <Z>0.000178</Z>
									<R00>1.000000</R00> <R01>0.000007</R01> <R02>0.000006</R02>
									<R10>-0.000009</R10> <R11>0.753488</R11> <R12>0.657462</R12>
									<R20>-0.000000</R20> <R21>-0.657462</R21> <R22>0.753488</R22>
								</CoordinateFrame>
								<float name="MaskWeight">0</float>
								<string name="Name">LeftLowerLeg</string>
								<float name="Weight">1</float>
							</Properties>
							<Item class="Pose" referent="RBX73">
								<Properties>
									<CoordinateFrame name="CFrame">
										<X>-0.000002</X> <Y>0.000000</Y> <Z>0.075000</Z>
										<R00>0.989600</R00> <R01>-0.142461</R01> <R02>0.019919</R02>
										<R10>0.140721</R10> <R11>0.930067</R11> <R12>-0.339372</R12>
										<R20>0.029821</R20> <R21>0.338645</R21> <R22>0.940441</R22>
									</CoordinateFrame>
									<float name="MaskWeight">0</float>
									<string name="Name">LeftFoot</string>
									<float name="Weight">1</float>
								</Properties>
							</Item>
						</Item>
					</Item>
					<Item class="Pose" referent="RBX74">
						<Properties>
							<CoordinateFrame name="CFrame">
								<X>0.000200</X> <Y>0.000307</Y> <Z>0.015000</Z>
								<R00>0.960786</R00> <R01>-0.191694</R01> <R02>0.200360</R02>
								<R10>0.275842</R10> <R11>0.734512</R11> <R12>-0.620003</R12>
								<R20>-0.028316</R20> <R21>0.650957</R21> <R22>0.758586</R22>
							</CoordinateFrame>
							<float name="MaskWeight">0</float>
							<string name="Name">RightUpperLeg</string>
							<float name="Weight">1</float>
						</Properties>
						<Item class="Pose" referent="RBX75">
							<Properties>
								<CoordinateFrame name="CFrame">
									<X>-0.000000</X> <Y>0.000000</Y> <Z>0.000000</Z>
									<R00>1.000000</R00> <R01>-0.000000</R01> <R02>-0.000000</R02>
									<R10>0.000000</R10> <R11>0.705787</R11> <R12>0.708424</R12>
									<R20>0.000000</R20> <R21>-0.708424</R21> <R22>0.705787</R22>
								</CoordinateFrame>
								<float name="MaskWeight">0</float>
								<string name="Name">RightLowerLeg</string>
								<float name="Weight">1</float>
							</Properties>
							<Item class="Pose" referent="RBX76">
								<Properties>
									<CoordinateFrame name="CFrame">
										<X>-0.000000</X> <Y>-0.000006</Y> <Z>0.075814</Z>
										<R00>0.979267</R00> <R01>0.202221</R01> <R02>0.011915</R02>
										<R10>-0.197403</R10> <R11>0.965831</R11> <R12>-0.167934</R12>
										<R20>-0.045468</R20> <R21>0.162100</R21> <R22>0.985726</R22>
									</CoordinateFrame>
									<float name="MaskWeight">0</float>
									<string name="Name">RightFoot</string>
									<float name="Weight">1</float>
								</Properties>
							</Item>
						</Item>
					</Item>
				</Item>
			</Item>
		</Item>
		<Item class="Keyframe" referent="RBX77">
			<Properties>
				<string name="Name">Keyframe</string>
				<float name="Time">0.170732</float>
			</Properties>
			<Item class="Pose" referent="RBX80">
				<Properties>
					<CoordinateFrame name="CFrame">
						<X>0.000000</X> <Y>0.000000</Y> <Z>0.000000</Z>
						<R00>1.000000</R00> <R01>0.000000</R01> <R02>0.000000</R02>
						<R10>0.000000</R10> <R11>1.000000</R11> <R12>0.000000</R12>
						<R20>0.000000</R20> <R21>0.000000</R21> <R22>1.000000</R22>
					</CoordinateFrame>
					<float name="MaskWeight">0</float>
					<string name="Name">HumanoidRootPart</string>
					<float name="Weight">1</float>
				</Properties>
				<Item class="Pose" referent="RBX81">
					<Properties>
						<CoordinateFrame name="CFrame">
							<X>0.021708</X> <Y>-0.196341</Y> <Z>0.158556</Z>
							<R00>0.994125</R00> <R01>0.078599</R01> <R02>-0.074423</R02>
							<R10>-0.078212</R10> <R11>0.996904</R11> <R12>0.008097</R12>
							<R20>0.074829</R20> <R21>-0.002229</R21> <R22>0.997194</R22>
						</CoordinateFrame>
						<float name="MaskWeight">0</float>
						<string name="Name">LowerTorso</string>
						<float name="Weight">1</float>
					</Properties>
					<Item class="Pose" referent="RBX82">
						<Properties>
							<CoordinateFrame name="CFrame">
								<X>0.000000</X> <Y>0.000000</Y> <Z>0.000000</Z>
								<R00>0.999831</R00> <R01>-0.004695</R01> <R02>0.017744</R02>
								<R10>0.000693</R10> <R11>0.975691</R11> <R12>0.219148</R12>
								<R20>-0.018341</R20> <R21>-0.219099</R21> <R22>0.975530</R22>
							</CoordinateFrame>
							<float name="MaskWeight">0</float>
							<string name="Name">UpperTorso</string>
							<float name="Weight">1</float>
						</Properties>
						<Item class="Pose" referent="RBX83">
							<Properties>
								<CoordinateFrame name="CFrame">
									<X>-0.000000</X> <Y>-0.000000</Y> <Z>0.042862</Z>
									<R00>0.998163</R00> <R01>-0.049903</R01> <R02>0.034342</R02>
									<R10>0.047981</R10> <R11>0.997351</R11> <R12>0.054669</R12>
									<R20>-0.036980</R20> <R21>-0.052921</R21> <R22>0.997914</R22>
								</CoordinateFrame>
								<float name="MaskWeight">0</float>
								<string name="Name">Head</string>
								<float name="Weight">1</float>
							</Properties>
						</Item>
						<Item class="Pose" referent="RBX84">
							<Properties>
								<CoordinateFrame name="CFrame">
									<X>-0.000144</X> <Y>0.000084</Y> <Z>0.000365</Z>
									<R00>0.687864</R00> <R01>0.725715</R01> <R02>-0.013452</R02>
									<R10>-0.705195</R10> <R11>0.672573</R11> <R12>0.224375</R12>
									<R20>0.171880</R20> <R21>-0.144853</R21> <R22>0.974410</R22>
								</CoordinateFrame>
								<float name="MaskWeight">0</float>
								<string name="Name">LeftUpperArm</string>
