<roblox xmlns:xmime="http://www.w3.org/2005/05/xmlmime" xmlns:xsi="http://www.w3.org/2001/XMLSchema-instance" xsi:noNamespaceSchemaLocation="http://www.roblox.com/roblox.xsd" version="4" assettype="animation">
   <External>null</External>
   <External>nil</External>
   <Item class="KeyframeSequence" referent="RBX0">
		<Properties>
			<bool name="Loop">false</bool>
			<string name="Name">Test</string>
			<token name="Priority">1000</token>
		</Properties>
		<Item class="Keyframe" referent="RBX1">
			<Properties>
				<string name="Name">Keyframe</string>
				<float name="Time">0.000000</float>
			</Properties>
			<Item class="Pose" referent="RBX4">
				<Properties>
					<CoordinateFrame name="CFrame">
						<X>0.000000</X> <Y>-0.000000</Y> <Z>0.000000</Z>
						<R00>1.000000</R00> <R01>0.000000</R01> <R02>0.000000</R02>
						<R10>-0.000000</R10> <R11>1.000000</R11> <R12>-0.000000</R12>
						<R20>0.000000</R20> <R21>0.000000</R21> <R22>1.000000</R22>
					</CoordinateFrame>
					<float name="MaskWeight">0</float>
					<string name="Name">HumanoidRootPart</string>
					<float name="Weight">1</float>
				</Properties>
				<Item class="Pose" referent="RBX5">
					<Properties>
						<CoordinateFrame name="CFrame">
							<X>0.000000</X> <Y>-0.000000</Y> <Z>0.000000</Z>
							<R00>1.000000</R00> <R01>0.000000</R01> <R02>0.000000</R02>
							<R10>-0.000000</R10> <R11>1.000000</R11> <R12>-0.000000</R12>
							<R20>0.000000</R20> <R21>0.000000</R21> <R22>1.000000</R22>
						</CoordinateFrame>
						<float name="MaskWeight">0</float>
						<string name="Name">Torso</string>
						<float name="Weight">1</float>
					</Properties>
					<Item class="Pose" referent="RBX8">
						<Properties>
							<CoordinateFrame name="CFrame">
								<X>0.000000</X> <Y>0.000000</Y> <Z>0.000000</Z>
								<R00>1.000000</R00> <R01>-0.000000</R01> <R02>0.000000</R02>
								<R10>-0.000000</R10> <R11>1.000000</R11> <R12>0.000000</R12>
								<R20>0.000000</R20> <R21>0.000000</R21> <R22>1.000000</R22>
							</CoordinateFrame>
							<float name="MaskWeight">0</float>
							<string name="Name">Right Arm</string>
							<float name="Weight">1</float>
						</Properties>
					</Item>
					<Item class="Pose" referent="RBX11">
						<Properties>
							<CoordinateFrame name="CFrame">
								<X>0.000000</X> <Y>0.000000</Y> <Z>0.000000</Z>
								<R00>1.000000</R00> <R01>0.000000</R01> <R02>0.000000</R02>
								<R10>0.000000</R10> <R11>1.000000</R11> <R12>-0.000000</R12>
								<R20>0.000000</R20> <R21>0.000000</R21> <R22>1.000000</R22>
							</CoordinateFrame>
							<float name="MaskWeight">0</float>
							<string name="Name">Head</string>
							<float name="Weight">1</float>
						</Properties>
					</Item>
					<Item class="Pose" referent="RBX15">
						<Properties>
							<CoordinateFrame name="CFrame">
								<X>0.000000</X> <Y>0.000000</Y> <Z>0.000000</Z>
								<R00>1.000000</R00> <R01>-0.000000</R01> <R02>0.000000</R02>
								<R10>-0.000000</R10> <R11>1.000000</R11> <R12>0.000000</R12>
								<R20>0.000000</R20> <R21>0.000000</R21> <R22>1.000000</R22>
							</CoordinateFrame>
							<float name="MaskWeight">0</float>
							<string name="Name">Left Arm</string>
							<float name="Weight">1</float>
						</Properties>
					</Item>
					<Item class="Pose" referent="RBX18">
						<Properties>
							<CoordinateFrame name="CFrame">
								<X>0.000000</X> <Y>0.000000</Y> <Z>0.000000</Z>
								<R00>1.000000</R00> <R01>0.000000</R01> <R02>0.000000</R02>
								<R10>0.000000</R10> <R11>1.000000</R11> <R12>0.000000</R12>
								<R20>0.000000</R20> <R21>0.000000</R21> <R22>1.000000</R22>
							</CoordinateFrame>
							<float name="MaskWeight">0</float>
							<string name="Name">Left Leg</string>
							<float name="Weight">1</float>
						</Properties>
					</Item>
					<Item class="Pose" referent="RBX21">
						<Properties>
							<CoordinateFrame name="CFrame">
								<X>0.000000</X> <Y>0.000000</Y> <Z>-0.000000</Z>
								<R00>1.000000</R00> <R01>0.000000</R01> <R02>0.000000</R02>
								<R10>0.000000</R10> <R11>1.000000</R11> <R12>0.000000</R12>
								<R20>0.000000</R20> <R21>0.000000</R21> <R22>1.000000</R22>
							</CoordinateFrame>
							<float name="MaskWeight">0</float>
							<string name="Name">Right Leg</string>
							<float name="Weight">1</float>
						</Properties>
					</Item>
				</Item>
			</Item>
		</Item>
		<Item class="Keyframe" referent="RBX23">
			<Properties>
				<string name="Name">Keyframe</string>
				<float name="Time">0.032609</float>
			</Properties>
			<Item class="Pose" referent="RBX26">
				<Properties>
					<CoordinateFrame name="CFrame">
						<X>0.000000</X> <Y>-0.000000</Y> <Z>0.000000</Z>
						<R00>1.000000</R00> <R01>0.000000</R01> <R02>0.000000</R02>
						<R10>-0.000000</R10> <R11>1.000000</R11> <R12>-0.000000</R12>
						<R20>0.000000</R20> <R21>0.000000</R21> <R22>1.000000</R22>
					</CoordinateFrame>
					<float name="MaskWeight">0</float>
					<string name="Name">HumanoidRootPart</string>
					<float name="Weight">1</float>
				</Properties>
				<Item class="Pose" referent="RBX27">
					<Properties>
						<CoordinateFrame name="CFrame">
							<X>0.001376</X> <Y>-0.000000</Y> <Z>0.001958</Z>
							<R00>0.999999</R00> <R01>0.000000</R01> <R02>0.001470</R02>
							<R10>0.000000</R10> <R11>1.000000</R11> <R12>0.000000</R12>
							<R20>-0.001470</R20> <R21>0.000000</R21> <R22>0.999999</R22>
						</CoordinateFrame>
						<float name="MaskWeight">0</float>
						<string name="Name">Torso</string>
						<float name="Weight">1</float>
					</Properties>
					<Item class="Pose" referent="RBX30">
						<Properties>
							<CoordinateFrame name="CFrame">
								<X>0.000000</X> <Y>0.082089</Y> <Z>0.053916</Z>
								<R00>0.671374</R00> <R01>-0.593259</R01> <R02>-0.444185</R02>
								<R10>0.600224</R10> <R11>0.786823</R11> <R12>-0.143668</R12>
								<R20>0.434727</R20> <R21>-0.170156</R21> <R22>0.884341</R22>
							</CoordinateFrame>
							<float name="MaskWeight">0</float>
							<string name="Name">Right Arm</string>
							<float name="Weight">1</float>
						</Properties>
					</Item>
					<Item class="Pose" referent="RBX33">
						<Properties>
							<CoordinateFrame name="CFrame">
								<X>-0.000925</X> <Y>0.000000</Y> <Z>0.012683</Z>
								<R00>0.999937</R00> <R01>0.000000</R01> <R02>-0.011189</R02>
								<R10>0.000000</R10> <R11>1.000000</R11> <R12>0.000000</R12>
								<R20>0.011189</R20> <R21>-0.000000</R21> <R22>0.999937</R22>
							</CoordinateFrame>
							<float name="MaskWeight">0</float>
							<string name="Name">Head</string>
							<float name="Weight">1</float>
						</Properties>
					</Item>
					<Item class="Pose" referent="RBX37">
						<Properties>
							<CoordinateFrame name="CFrame">
								<X>0.000000</X> <Y>0.000000</Y> <Z>0.000000</Z>
								<R00>1.000000</R00> <R01>0.000000</R01> <R02>0.000000</R02>
								<R10>0.000000</R10> <R11>0.999480</R11> <R12>0.032264</R12>
								<R20>0.000000</R20> <R21>-0.032264</R21> <R22>0.999480</R22>
							</CoordinateFrame>
							<float name="MaskWeight">0</float>
							<string name="Name">Left Arm</string>
							<float name="Weight">1</float>
						</Properties>
					</Item>
					<Item class="Pose" referent="RBX40">
						<Properties>
							<CoordinateFrame name="CFrame">
								<X>0.000000</X> <Y>0.000000</Y> <Z>0.000000</Z>
								<R00>1.000000</R00> <R01>-0.000000</R01> <R02>0.000000</R02>
								<R10>0.000000</R10> <R11>0.999898</R11> <R12>0.014290</R12>
								<R20>0.000000</R20> <R21>-0.014290</R21> <R22>0.999898</R22>
							</CoordinateFrame>
							<float name="MaskWeight">0</float>
							<string name="Name">Left Leg</string>
							<float name="Weight">1</float>
						</Properties>
					</Item>
					<Item class="Pose" referent="RBX43">
						<Properties>
							<CoordinateFrame name="CFrame">
								<X>0.000000</X> <Y>-0.012513</Y> <Z>-0.000913</Z>
								<R00>0.999826</R00> <R01>0.014163</R01> <R02>-0.012121</R02>
								<R10>-0.014242</R10> <R11>0.999878</R11> <R12>-0.006468</R12>
								<R20>0.012028</R20> <R21>0.006640</R21> <R22>0.999906</R22>
							</CoordinateFrame>
							<float name="MaskWeight">0</float>
							<string name="Name">Right Leg</string>
							<float name="Weight">1</float>
						</Properties>
					</Item>
				</Item>
			</Item>
		</Item>
		<Item class="Keyframe" referent="RBX45">
			<Properties>
				<string name="Name">Keyframe</string>
				<float name="Time">0.065217</float>
			</Properties>
			<Item class="Pose" referent="RBX48">
				<Properties>
					<CoordinateFrame name="CFrame">
						<X>0.000000</X> <Y>-0.000000</Y> <Z>0.000000</Z>
						<R00>1.000000</R00> <R01>0.000000</R01> <R02>0.000000</R02>
						<R10>-0.000000</R10> <R11>1.000000</R11> <R12>-0.000000</R12>
						<R20>0.000000</R20> <R21>0.000000</R21> <R22>1.000000</R22>
					</CoordinateFrame>
					<float name="MaskWeight">0</float>
					<string name="Name">HumanoidRootPart</string>
					<float name="Weight">1</float>
				</Properties>
				<Item class="Pose" referent="RBX49">
					<Properties>
						<CoordinateFrame name="CFrame">
							<X>0.011566</X> <Y>-0.000000</Y> <Z>0.016463</Z>
							<R00>0.999924</R00> <R01>0.000000</R01> <R02>0.012359</R02>
							<R10>0.000000</R10> <R11>1.000000</R11> <R12>0.000000</R12>
							<R20>-0.012359</R20> <R21>0.000000</R21> <R22>0.999924</R22>
						</CoordinateFrame>
						<float name="MaskWeight">0</float>
						<string name="Name">Torso</string>
						<float name="Weight">1</float>
					</Properties>
					<Item class="Pose" referent="RBX52">
						<Properties>
							<CoordinateFrame name="CFrame">
								<X>0.000000</X> <Y>0.162979</Y> <Z>0.112452</Z>
								<R00>0.241825</R00> <R01>-0.763836</R01> <R02>-0.598394</R02>
								<R10>0.847046</R10> <R11>0.467005</R11> <R12>-0.253810</R12>
								<R20>0.473322</R20> <R21>-0.445490</R21> <R22>0.759937</R22>
							</CoordinateFrame>
							<float name="MaskWeight">0</float>
							<string name="Name">Right Arm</string>
							<float name="Weight">1</float>
						</Properties>
					</Item>
					<Item class="Pose" referent="RBX55">
						<Properties>
							<CoordinateFrame name="CFrame">
								<X>-0.001948</X> <Y>0.000000</Y> <Z>0.026714</Z>
								<R00>0.999722</R00> <R01>0.000000</R01> <R02>-0.023566</R02>
								<R10>0.000000</R10> <R11>1.000000</R11> <R12>0.000000</R12>
								<R20>0.023566</R20> <R21>-0.000000</R21> <R22>0.999722</R22>
							</CoordinateFrame>
							<float name="MaskWeight">0</float>
							<string name="Name">Head</string>
							<float name="Weight">1</float>
						</Properties>
					</Item>
					<Item class="Pose" referent="RBX59">
						<Properties>
							<CoordinateFrame name="CFrame">
								<X>0.000000</X> <Y>0.000000</Y> <Z>0.000000</Z>
								<R00>1.000000</R00> <R01>0.000000</R01> <R02>0.000000</R02>
								<R10>-0.000000</R10> <R11>0.997705</R11> <R12>0.067708</R12>
								<R20>0.000000</R20> <R21>-0.067708</R21> <R22>0.997705</R22>
							</CoordinateFrame>
							<float name="MaskWeight">0</float>
							<string name="Name">Left Arm</string>
							<float name="Weight">1</float>
						</Properties>
					</Item>
					<Item class="Pose" referent="RBX62">
						<Properties>
							<CoordinateFrame name="CFrame">
								<X>0.000000</X> <Y>0.000000</Y> <Z>-0.000000</Z>
								<R00>1.000000</R00> <R01>0.000000</R01> <R02>0.000000</R02>
								<R10>0.000000</R10> <R11>0.999549</R11> <R12>0.030041</R12>
								<R20>0.000000</R20> <R21>-0.030041</R21> <R22>0.999549</R22>
							</CoordinateFrame>
							<float name="MaskWeight">0</float>
							<string name="Name">Left Leg</string>
							<float name="Weight">1</float>
						</Properties>
					</Item>
					<Item class="Pose" referent="RBX65">
						<Properties>
							<CoordinateFrame name="CFrame">
								<X>0.000000</X> <Y>-0.026308</Y> <Z>-0.001919</Z>
								<R00>0.999237</R00> <R01>0.029584</R01> <R02>-0.025481</R02>
								<R10>-0.029938</R10> <R11>0.999459</R11> <R12>-0.013599</R12>
								<R20>0.025065</R20> <R21>0.014352</R21> <R22>0.999583</R22>
							</CoordinateFrame>
							<float name="MaskWeight">0</float>
							<string name="Name">Right Leg</string>
							<float name="Weight">1</float>
						</Properties>
					</Item>
				</Item>
			</Item>
		</Item>
		<Item class="Keyframe" referent="RBX67">
			<Properties>
				<string name="Name">Keyframe</string>
				<float name="Time">0.097826</float>
			</Properties>
			<Item class="Pose" referent="RBX70">
				<Properties>
					<CoordinateFrame name="CFrame">
						<X>0.000000</X> <Y>-0.000000</Y> <Z>0.000000</Z>
						<R00>1.000000</R00> <R01>0.000000</R01> <R02>0.000000</R02>
						<R10>-0.000000</R10> <R11>1.000000</R11> <R12>-0.000000</R12>
						<R20>0.000000</R20> <R21>0.000000</R21> <R22>1.000000</R22>
					</CoordinateFrame>
					<float name="MaskWeight">0</float>
					<string name="Name">HumanoidRootPart</string>
					<float name="Weight">1</float>
				</Properties>
				<Item class="Pose" referent="RBX71">
					<Properties>
						<CoordinateFrame name="CFrame">
							<X>0.025885</X> <Y>0.000000</Y> <Z>0.036845</Z>
							<R00>0.999617</R00> <R01>0.000000</R01> <R02>0.027657</R02>
							<R10>0.000000</R10> <R11>1.000000</R11> <R12>0.000000</R12>
							<R20>-0.027657</R20> <R21>0.000000</R21> <R22>0.999617</R22>
						</CoordinateFrame>
						<float name="MaskWeight">0</float>
						<string name="Name">Torso</string>
						<float name="Weight">1</float>
					</Properties>
					<Item class="Pose" referent="RBX74">
						<Properties>
							<CoordinateFrame name="CFrame">
								<X>0.000000</X> <Y>0.243639</Y> <Z>0.171873</Z>
								<R00>-0.083263</R00> <R01>-0.767222</R01> <R02>-0.635954</R02>
								<R10>0.917454</R10> <R11>0.190116</R11> <R12>-0.349477</R12>
								<R20>0.389031</R20> <R21>-0.612557</R21> <R22>0.688062</R22>
							</CoordinateFrame>
							<float name="MaskWeight">0</float>
							<string name="Name">Right Arm</string>
							<float name="Weight">1</float>
						</Properties>
					</Item>
					<Item class="Pose" referent="RBX77">
						<Properties>
							<CoordinateFrame name="CFrame">
								<X>-0.002990</X> <Y>0.000000</Y> <Z>0.041004</Z>
								<R00>0.999346</R00> <R01>0.000000</R01> <R02>-0.036166</R02>
								<R10>-0.000000</R10> <R11>1.000000</R11> <R12>-0.000000</R12>
								<R20>0.036166</R20> <R21>0.000000</R21> <R22>0.999346</R22>
							</CoordinateFrame>
							<float name="MaskWeight">0</float>
							<string name="Name">Head</string>
							<float name="Weight">1</float>
						</Properties>
					</Item>
					<Item class="Pose" referent="RBX81">
						<Properties>
							<CoordinateFrame name="CFrame">
								<X>0.000000</X> <Y>0.000000</Y> <Z>0.000000</Z>
								<R00>1.000000</R00> <R01>0.000000</R01> <R02>0.000000</R02>
								<R10>-0.000000</R10> <R11>0.994611</R11> <R12>0.103681</R12>
								<R20>0.000000</R20> <R21>-0.103681</R21> <R22>0.994611</R22>
							</CoordinateFrame>
							<float name="MaskWeight">0</float>
							<string name="Name">Left Arm</string>
							<float name="Weight">1</float>
						</Properties>
					</Item>
					<Item class="Pose" referent="RBX84">
						<Properties>
							<CoordinateFrame name="CFrame">
								<X>-0.000000</X> <Y>-0.000000</Y> <Z>0.000000</Z>
								<R00>1.000000</R00> <R01>-0.000000</R01> <R02>0.000000</R02>
								<R10>-0.000000</R10> <R11>0.998939</R11> <R12>0.046065</R12>
								<R20>0.000000</R20> <R21>-0.046065</R21> <R22>0.998939</R22>
							</CoordinateFrame>
							<float name="MaskWeight">0</float>
							<string name="Name">Left Leg</string>
							<float name="Weight">1</float>
						</Properties>
					</Item>
					<Item class="Pose" referent="RBX87">
						<Properties>
							<CoordinateFrame name="CFrame">
								<X>0.000000</X> <Y>-0.040349</Y> <Z>-0.002943</Z>
								<R00>0.998220</R00> <R01>0.045062</R01> <R02>-0.039070</R02>
								<R10>-0.045901</R10> <R11>0.998728</R11> <R12>-0.020856</R12>
								<R20>0.038081</R20> <R21>0.022612</R21> <R22>0.999019</R22>
							</CoordinateFrame>
							<float name="MaskWeight">0</float>
							<string name="Name">Right Leg</string>
							<float name="Weight">1</float>
						</Properties>
					</Item>
				</Item>
			</Item>
		</Item>
		<Item class="Keyframe" referent="RBX89">
			<Properties>
				<string name="Name">Keyframe</string>
				<float name="Time">0.130435</float>
			</Properties>
			<Item class="Pose" referent="RBX92">
				<Properties>
					<CoordinateFrame name="CFrame">
						<X>0.000000</X> <Y>-0.000000</Y> <Z>0.000000</Z>
						<R00>1.000000</R00> <R01>0.000000</R01> <R02>0.000000</R02>
						<R10>-0.000000</R10> <R11>1.000000</R11> <R12>-0.000000</R12>
						<R20>0.000000</R20> <R21>0.000000</R21> <R22>1.000000</R22>
					</CoordinateFrame>
					<float name="MaskWeight">0</float>
					<string name="Name">HumanoidRootPart</string>
					<float name="Weight">1</float>
				</Properties>
				<Item class="Pose" referent="RBX93">
					<Properties>
						<CoordinateFrame name="CFrame">
							<X>0.039836</X> <Y>0.000000</Y> <Z>0.056702</Z>
							<R00>0.999094</R00> <R01>0.000000</R01> <R02>0.042556</R02>
							<R10>0.000000</R10> <R11>1.000000</R11> <R12>0.000000</R12>
							<R20>-0.042556</R20> <R21>0.000000</R21> <R22>0.999094</R22>
						</CoordinateFrame>
						<float name="MaskWeight">0</float>
						<string name="Name">Torso</string>
						<float name="Weight">1</float>
					</Properties>
					<Item class="Pose" referent="RBX96">
						<Properties>
							<CoordinateFrame name="CFrame">
								<X>0.000000</X> <Y>0.325365</Y> <Z>0.227185</Z>
								<R00>-0.378236</R00> <R01>-0.655827</R01> <R02>-0.653321</R02>
								<R10>0.894175</R10> <R11>-0.076199</R11> <R12>-0.441186</R12>
								<R20>0.239559</R20> <R21>-0.751056</R21> <R22>0.615245</R22>
							</CoordinateFrame>
							<float name="MaskWeight">0</float>
							<string name="Name">Right Arm</string>
							<float name="Weight">1</float>
						</Properties>
					</Item>
					<Item class="Pose" referent="RBX99">
						<Properties>
							<CoordinateFrame name="CFrame">
								<X>-0.003945</X> <Y>0.000000</Y> <Z>0.054094</Z>
								<R00>0.998861</R00> <R01>-0.000000</R01> <R02>-0.047705</R02>
								<R10>0.000000</R10> <R11>1.000000</R11> <R12>-0.000000</R12>
								<R20>0.047705</R20> <R21>0.000000</R21> <R22>0.998861</R22>
							</CoordinateFrame>
							<float name="MaskWeight">0</float>
							<string name="Name">Head</string>
							<float name="Weight">1</float>
						</Properties>
					</Item>
					<Item class="Pose" referent="RBX103">
						<Properties>
							<CoordinateFrame name="CFrame">
								<X>0.000000</X> <Y>-0.000000</Y> <Z>-0.000000</Z>
								<R00>1.000000</R00> <R01>0.000000</R01> <R02>-0.000000</R02>
								<R10>-0.000000</R10> <R11>0.990615</R11> <R12>0.136681</R12>
								<R20>-0.000000</R20> <R21>-0.136681</R21> <R22>0.990615</R22>
							</CoordinateFrame>
							<float name="MaskWeight">0</float>
							<string name="Name">Left Arm</string>
							<float name="Weight">1</float>
						</Properties>
					</Item>
					<Item class="Pose" referent="RBX106">
						<Properties>
							<CoordinateFrame name="CFrame">
								<X>0.000000</X> <Y>-0.000000</Y> <Z>-0.000000</Z>
								<R00>1.000000</R00> <R01>-0.000000</R01> <R02>0.000000</R02>
								<R10>0.000000</R10> <R11>0.998151</R11> <R12>0.060777</R12>
								<R20>0.000000</R20> <R21>-0.060777</R21> <R22>0.998151</R22>
							</CoordinateFrame>
							<float name="MaskWeight">0</float>
							<string name="Name">Left Leg</string>
							<float name="Weight">1</float>
						</Properties>
					</Item>
					<Item class="Pose" referent="RBX109">
						<Properties>
							<CoordinateFrame name="CFrame">
								<X>0.000000</X> <Y>-0.053250</Y> <Z>-0.003883</Z>
								<R00>0.996922</R00> <R01>0.059077</R01> <R02>-0.051544</R02>
								<R10>-0.060551</R10> <R11>0.997786</R11> <R12>-0.027523</R12>
								<R20>0.049804</R20> <R21>0.030559</R21> <R22>0.998291</R22>
							</CoordinateFrame>
							<float name="MaskWeight">0</float>
							<string name="Name">Right Leg</string>
							<float name="Weight">1</float>
						</Properties>
					</Item>
				</Item>
			</Item>
		</Item>
		<Item class="Keyframe" referent="RBX111">
			<Properties>
				<string name="Name">Keyframe</string>
				<float name="Time">0.163043</float>
			</Properties>
			<Item class="Pose" referent="RBX114">
				<Properties>
					<CoordinateFrame name="CFrame">
						<X>0.000000</X> <Y>-0.000000</Y> <Z>0.000000</Z>
						<R00>1.000000</R00> <R01>0.000000</R01> <R02>0.000000</R02>
						<R10>-0.000000</R10> <R11>1.000000</R11> <R12>-0.000000</R12>
						<R20>0.000000</R20> <R21>0.000000</R21> <R22>1.000000</R22>
					</CoordinateFrame>
					<float name="MaskWeight">0</float>
					<string name="Name">HumanoidRootPart</string>
					<float name="Weight">1</float>
				</Properties>
				<Item class="Pose" referent="RBX115">
					<Properties>
						<CoordinateFrame name="CFrame">
							<X>0.052508</X> <Y>-0.000000</Y> <Z>0.074740</Z>
							<R00>0.998426</R00> <R01>0.000000</R01> <R02>0.056081</R02>
							<R10>0.000000</R10> <R11>1.000000</R11> <R12>0.000000</R12>
							<R20>-0.056081</R20> <R21>0.000000</R21> <R22>0.998426</R22>
						</CoordinateFrame>
						<float name="MaskWeight">0</float>
						<string name="Name">Torso</string>
						<float name="Weight">1</float>
					</Properties>
					<Item class="Pose" referent="RBX118">
						<Properties>
							<CoordinateFrame name="CFrame">
								<X>0.000000</X> <Y>0.409392</Y> <Z>0.273636</Z>
								<R00>-0.595897</R00> <R01>-0.483479</R01> <R02>-0.641214</R02>
								<R10>0.801054</R10> <R11>-0.301448</R11> <R12>-0.517148</R12>
								<R20>0.056737</R20> <R21>-0.821814</R21> <R22>0.566925</R22>
							</CoordinateFrame>
							<float name="MaskWeight">0</float>
							<string name="Name">Right Arm</string>
							<float name="Weight">1</float>
						</Properties>
					</Item>
					<Item class="Pose" referent="RBX121">
						<Properties>
							<CoordinateFrame name="CFrame">
								<X>-0.004711</X> <Y>0.000000</Y> <Z>0.064600</Z>
								<R00>0.998377</R00> <R01>0.000000</R01> <R02>-0.056959</R02>
								<R10>0.000000</R10> <R11>1.000000</R11> <R12>-0.000000</R12>
								<R20>0.056959</R20> <R21>0.000000</R21> <R22>0.998377</R22>
							</CoordinateFrame>
							<float name="MaskWeight">0</float>
							<string name="Name">Head</string>
							<float name="Weight">1</float>
						</Properties>
					</Item>
					<Item class="Pose" referent="RBX125">
						<Properties>
							<CoordinateFrame name="CFrame">
								<X>0.000000</X> <Y>0.000000</Y> <Z>0.000000</Z>
								<R00>1.000000</R00> <R01>-0.000000</R01> <R02>0.000000</R02>
								<R10>0.000000</R10> <R11>0.986554</R11> <R12>0.163436</R12>
								<R20>0.000000</R20> <R21>-0.163436</R21> <R22>0.986554</R22>
							</CoordinateFrame>
							<float name="MaskWeight">0</float>
							<string name="Name">Left Arm</string>
							<float name="Weight">1</float>
						</Properties>
					</Item>
					<Item class="Pose" referent="RBX128">
						<Properties>
							<CoordinateFrame name="CFrame">
								<X>0.000000</X> <Y>0.000000</Y> <Z>0.000000</Z>
								<R00>1.000000</R00> <R01>-0.000000</R01> <R02>0.000000</R02>
								<R10>-0.000000</R10> <R11>0.997356</R11> <R12>0.072674</R12>
								<R20>0.000000</R20> <R21>-0.072674</R21> <R22>0.997356</R22>
							</CoordinateFrame>
							<float name="MaskWeight">0</float>
							<string name="Name">Left Leg</string>
							<float name="Weight">1</float>
						</Properties>
					</Item>
					<Item class="Pose" referent="RBX131">
						<Properties>
							<CoordinateFrame name="CFrame">
								<X>0.000000</X> <Y>-0.063689</Y> <Z>-0.004645</Z>
								<R00>0.995623</R00> <R01>0.070268</R01> <R02>-0.061628</R02>
								<R10>-0.072391</R10> <R11>0.996833</R11> <R12>-0.032917</R12>
								<R20>0.059119</R20> <R21>0.037234</R21> <R22>0.997556</R22>
							</CoordinateFrame>
							<float name="MaskWeight">0</float>
							<string name="Name">Right Leg</string>
							<float name="Weight">1</float>
						</Properties>
					</Item>
				</Item>
			</Item>
		</Item>
		<Item class="Keyframe" referent="RBX133">
			<Properties>
				<string name="Name">Keyframe</string>
				<float name="Time">0.195652</float>
			</Properties>
			<Item class="Pose" referent="RBX136">
				<Properties>
					<CoordinateFrame name="CFrame">
						<X>0.000000</X> <Y>-0.000000</Y> <Z>0.000000</Z>
						<R00>1.000000</R00> <R01>0.000000</R01> <R02>0.000000</R02>
						<R10>-0.000000</R10> <R11>1.000000</R11> <R12>-0.000000</R12>
						<R20>0.000000</R20> <R21>0.000000</R21> <R22>1.000000</R22>
					</CoordinateFrame>
					<float name="MaskWeight">0</float>
					<string name="Name">HumanoidRootPart</string>
					<float name="Weight">1</float>
				</Properties>
				<Item class="Pose" referent="RBX137">
					<Properties>
						<CoordinateFrame name="CFrame">
							<X>0.062235</X> <Y>-0.000000</Y> <Z>0.088585</Z>
							<R00>0.997789</R00> <R01>0.000000</R01> <R02>0.066456</R02>
							<R10>0.000000</R10> <R11>1.000000</R11> <R12>0.000000</R12>
							<R20>-0.066456</R20> <R21>0.000000</R21> <R22>0.997789</R22>
						</CoordinateFrame>
						<float name="MaskWeight">0</float>
						<string name="Name">Torso</string>
						<float name="Weight">1</float>
					</Properties>
					<Item class="Pose" referent="RBX140">
						<Properties>
							<CoordinateFrame name="CFrame">
								<X>0.000000</X> <Y>0.494417</Y> <Z>0.310367</Z>
								<R00>-0.737915</R00> <R01>-0.279408</R01> <R02>-0.614340</R02>
								<R10>0.660666</R10> <R11>-0.484987</R11> <R12>-0.572982</R12>
								<R20>-0.137851</R20> <R21>-0.828685</R21> <R22>0.542474</R22>
							</CoordinateFrame>
							<float name="MaskWeight">0</float>
							<string name="Name">Right Arm</string>
							<float name="Weight">1</float>
						</Properties>
					</Item>
					<Item class="Pose" referent="RBX143">
						<Properties>
							<CoordinateFrame name="CFrame">
								<X>-0.005145</X> <Y>0.000000</Y> <Z>0.070550</Z>
								<R00>0.998064</R00> <R01>-0.000000</R01> <R02>-0.062201</R02>
								<R10>0.000000</R10> <R11>1.000000</R11> <R12>-0.000000</R12>
								<R20>0.062201</R20> <R21>0.000000</R21> <R22>0.998064</R22>
							</CoordinateFrame>
							<float name="MaskWeight">0</float>
							<string name="Name">Head</string>
							<float name="Weight">1</float>
						</Properties>
					</Item>
					<Item class="Pose" referent="RBX147">
						<Properties>
							<CoordinateFrame name="CFrame">
								<X>0.000000</X> <Y>-0.000000</Y> <Z>0.000000</Z>
								<R00>1.000000</R00> <R01>0.000000</R01> <R02>-0.000000</R02>
								<R10>-0.000000</R10> <R11>0.983780</R11> <R12>0.179378</R12>
								<R20>-0.000000</R20> <R21>-0.179378</R21> <R22>0.983780</R22>
							</CoordinateFrame>
							<float name="MaskWeight">0</float>
							<string name="Name">Left Arm</string>
							<float name="Weight">1</float>
						</Properties>
					</Item>
					<Item class="Pose" referent="RBX150">
						<Properties>
							<CoordinateFrame name="CFrame">
								<X>0.000000</X> <Y>0.000000</Y> <Z>-0.000000</Z>
								<R00>1.000000</R00> <R01>-0.000000</R01> <R02>0.000000</R02>
								<R10>-0.000000</R10> <R11>0.996825</R11> <R12>0.079628</R12>
								<R20>-0.000000</R20> <R21>-0.079628</R21> <R22>0.996825</R22>
							</CoordinateFrame>
							<float name="MaskWeight">0</float>
							<string name="Name">Left Leg</string>
							<float name="Weight">1</float>
						</Properties>
					</Item>
					<Item class="Pose" referent="RBX153">
						<Properties>
							<CoordinateFrame name="CFrame">
								<X>0.000000</X> <Y>-0.069796</Y> <Z>-0.005090</Z>
								<R00>0.994761</R00> <R01>0.076751</R01> <R02>-0.067521</R02>
								<R10>-0.079310</R10> <R11>0.996197</R11> <R12>-0.036072</R12>
								<R20>0.064495</R20> <R21>0.041238</R21> <R22>0.997066</R22>
							</CoordinateFrame>
							<float name="MaskWeight">0</float>
							<string name="Name">Right Leg</string>
							<float name="Weight">1</float>
						</Properties>
					</Item>
				</Item>
			</Item>
		</Item>
		<Item class="Keyframe" referent="RBX155">
			<Properties>
				<string name="Name">Keyframe</string>
				<float name="Time">0.228261</float>
			</Properties>
			<Item class="Pose" referent="RBX158">
				<Properties>
					<CoordinateFrame name="CFrame">
						<X>0.000000</X> <Y>-0.000000</Y> <Z>0.000000</Z>
						<R00>1.000000</R00> <R01>0.000000</R01> <R02>0.000000</R02>
						<R10>-0.000000</R10> <R11>1.000000</R11> <R12>-0.000000</R12>
						<R20>0.000000</R20> <R21>0.000000</R21> <R22>1.000000</R22>
					</CoordinateFrame>
					<float name="MaskWeight">0</float>
					<string name="Name">HumanoidRootPart</string>
					<float name="Weight">1</float>
				</Properties>
				<Item class="Pose" referent="RBX159">
					<Properties>
						<CoordinateFrame name="CFrame">
							<X>0.067525</X> <Y>-0.000000</Y> <Z>0.096116</Z>
							<R00>0.997398</R00> <R01>0.000000</R01> <R02>0.072096</R02>
							<R10>0.000000</R10> <R11>1.000000</R11> <R12>0.000000</R12>
							<R20>-0.072096</R20> <R21>0.000000</R21> <R22>0.997398</R22>
						</CoordinateFrame>
						<float name="MaskWeight">0</float>
						<string name="Name">Torso</string>
						<float name="Weight">1</float>
					</Properties>
					<Item class="Pose" referent="RBX162">
						<Properties>
							<CoordinateFrame name="CFrame">
								<X>0.000000</X> <Y>0.607327</Y> <Z>0.293895</Z>
								<R00>-0.842925</R00> <R01>-0.182127</R01> <R02>-0.506269</R02>
								<R10>0.488417</R10> <R11>-0.653697</R11> <R12>-0.578039</R12>
								<R20>-0.225670</R20> <R21>-0.734513</R21> <R22>0.639971</R22>
							</CoordinateFrame>
							<float name="MaskWeight">0</float>
							<string name="Name">Right Arm</string>
							<float name="Weight">1</float>
						</Properties>
					</Item>
					<Item class="Pose" referent="RBX165">
						<Properties>
							<CoordinateFrame name="CFrame">
								<X>-0.005334</X> <Y>0.000000</Y> <Z>0.073150</Z>
								<R00>0.997919</R00> <R01>0.000000</R01> <R02>-0.064488</R02>
								<R10>0.000000</R10> <R11>1.000000</R11> <R12>0.000000</R12>
								<R20>0.064488</R20> <R21>0.000000</R21> <R22>0.997919</R22>
							</CoordinateFrame>
							<float name="MaskWeight">0</float>
							<string name="Name">Head</string>
							<float name="Weight">1</float>
						</Properties>
					</Item>
					<Item class="Pose" referent="RBX169">
						<Properties>
							<CoordinateFrame name="CFrame">
								<X>-0.000000</X> <Y>0.000000</Y> <Z>0.000000</Z>
								<R00>1.000000</R00> <R01>0.000000</R01> <R02>0.000000</R02>
								<R10>0.000000</R10> <R11>0.982280</R11> <R12>0.187418</R12>
								<R20>0.000000</R20> <R21>-0.187418</R21> <R22>0.982280</R22>
							</CoordinateFrame>
							<float name="MaskWeight">0</float>
							<string name="Name">Left Arm</string>
							<float name="Weight">1</float>
						</Properties>
					</Item>
					<Item class="Pose" referent="RBX172">
						<Properties>
							<CoordinateFrame name="CFrame">
								<X>-0.000000</X> <Y>0.000000</Y> <Z>0.000000</Z>
								<R00>1.000000</R00> <R01>0.000000</R01> <R02>0.000000</R02>
								<R10>-0.000000</R10> <R11>0.996553</R11> <R12>0.082961</R12>
								<R20>0.000000</R20> <R21>-0.082961</R21> <R22>0.996553</R22>
							</CoordinateFrame>
							<float name="MaskWeight">0</float>
							<string name="Name">Left Leg</string>
							<float name="Weight">1</float>
						</Properties>
					</Item>
					<Item class="Pose" referent="RBX175">
						<Properties>
							<CoordinateFrame name="CFrame">
								<X>0.000000</X> <Y>-0.072725</Y> <Z>-0.005304</Z>
								<R00>0.994322</R00> <R01>0.079842</R01> <R02>-0.070345</R02>
								<R10>-0.082625</R10> <R11>0.995872</R11> <R12>-0.037585</R12>
								<R20>0.067054</R20> <R21>0.043184</R21> <R22>0.996814</R22>
							</CoordinateFrame>
							<float name="MaskWeight">0</float>
							<string name="Name">Right Leg</string>
							<float name="Weight">1</float>
						</Properties>
					</Item>
				</Item>
			</Item>
		</Item>
		<Item class="Keyframe" referent="RBX177">
			<Properties>
				<string name="Name">Keyframe</string>
				<float name="Time">0.260870</float>
			</Properties>
			<Item class="Pose" referent="RBX180">
				<Properties>
					<CoordinateFrame name="CFrame">
						<X>0.000000</X> <Y>-0.000000</Y> <Z>0.000000</Z>
						<R00>1.000000</R00> <R01>0.000000</R01> <R02>0.000000</R02>
						<R10>-0.000000</R10> <R11>1.000000</R11> <R12>-0.000000</R12>
						<R20>0.000000</R20> <R21>0.000000</R21> <R22>1.000000</R22>
					</CoordinateFrame>
					<float name="MaskWeight">0</float>
					<string name="Name">HumanoidRootPart</string>
					<float name="Weight">1</float>
				</Properties>
				<Item class="Pose" referent="RBX181">
					<Properties>
						<CoordinateFrame name="CFrame">
							<X>0.069838</X> <Y>-0.000000</Y> <Z>0.099407</Z>
							<R00>0.997217</R00> <R01>0.000000</R01> <R02>0.074560</R02>
							<R10>0.000000</R10> <R11>1.000000</R11> <R12>-0.000000</R12>
							<R20>-0.074560</R20> <R21>0.000000</R21> <R22>0.997217</R22>
						</CoordinateFrame>
						<float name="MaskWeight">0</float>
						<string name="Name">Torso</string>
						<float name="Weight">1</float>
					</Properties>
					<Item class="Pose" referent="RBX184">
						<Properties>
							<CoordinateFrame name="CFrame">
								<X>0.000000</X> <Y>0.730326</Y> <Z>0.227401</Z>
								<R00>-0.940232</R00> <R01>-0.159928</R01> <R02>-0.300645</R02>
								<R10>0.303672</R10> <R11>-0.793289</R11> <R12>-0.527708</R12>
								<R20>-0.154103</R20> <R21>-0.587465</R21> <R22>0.794441</R22>
							</CoordinateFrame>
							<float name="MaskWeight">0</float>
							<string name="Name">Right Arm</string>
							<float name="Weight">1</float>
						</Properties>
					</Item>
					<Item class="Pose" referent="RBX187">
						<Properties>
							<CoordinateFrame name="CFrame">
								<X>-0.005413</X> <Y>0.000000</Y> <Z>0.074228</Z>
								<R00>0.997857</R00> <R01>0.000000</R01> <R02>-0.065439</R02>
								<R10>0.000000</R10> <R11>1.000000</R11> <R12>-0.000000</R12>
								<R20>0.065439</R20> <R21>0.000000</R21> <R22>0.997857</R22>
							</CoordinateFrame>
							<float name="MaskWeight">0</float>
							<string name="Name">Head</string>
							<float name="Weight">1</float>
						</Properties>
					</Item>
					<Item class="Pose" referent="RBX191">
						<Properties>
							<CoordinateFrame name="CFrame">
								<X>0.000000</X> <Y>0.000000</Y> <Z>0.000000</Z>
								<R00>1.000000</R00> <R01>0.000000</R01> <R02>0.000000</R02>
								<R10>-0.000000</R10> <R11>0.981414</R11> <R12>0.191901</R12>
								<R20>-0.000000</R20> <R21>-0.191901</R21> <R22>0.981414</R22>
							</CoordinateFrame>
							<float name="MaskWeight">0</float>
							<string name="Name">Left Arm</string>
							<float name="Weight">1</float>
						</Properties>
					</Item>
					<Item class="Pose" referent="RBX194">
						<Properties>
							<CoordinateFrame name="CFrame">
								<X>-0.000000</X> <Y>0.000000</Y> <Z>-0.000000</Z>
								<R00>1.000000</R00> <R01>0.000000</R01> <R02>-0.000000</R02>
								<R10>0.000000</R10> <R11>0.996409</R11> <R12>0.084676</R12>
								<R20>-0.000000</R20> <R21>-0.084676</R21> <R22>0.996409</R22>
							</CoordinateFrame>
							<float name="MaskWeight">0</float>
							<string name="Name">Left Leg</string>
							<float name="Weight">1</float>
						</Properties>
					</Item>
					<Item class="Pose" referent="RBX197">
						<Properties>
							<CoordinateFrame name="CFrame">
								<X>0.000000</X> <Y>-0.074232</Y> <Z>-0.005414</Z>
								<R00>0.994090</R00> <R01>0.081428</R01> <R02>-0.071798</R02>
								<R10>-0.084331</R10> <R11>0.995699</R11> <R12>-0.038363</R12>
								<R20>0.068365</R20> <R21>0.044191</R21> <R22>0.996681</R22>
							</CoordinateFrame>
							<float name="MaskWeight">0</float>
							<string name="Name">Right Leg</string>
							<float name="Weight">1</float>
						</Properties>
					</Item>
				</Item>
			</Item>
		</Item>
		<Item class="Keyframe" referent="RBX199">
			<Properties>
				<string name="Name">Keyframe</string>
				<float name="Time">0.293478</float>
			</Properties>
			<Item class="Pose" referent="RBX202">
				<Properties>
					<CoordinateFrame name="CFrame">
						<X>0.000000</X> <Y>-0.000000</Y> <Z>0.000000</Z>
						<R00>1.000000</R00> <R01>0.000000</R01> <R02>0.000000</R02>
						<R10>-0.000000</R10> <R11>1.000000</R11> <R12>-0.000000</R12>
						<R20>0.000000</R20> <R21>0.000000</R21> <R22>1.000000</R22>
					</CoordinateFrame>
					<float name="MaskWeight">0</float>
					<string name="Name">HumanoidRootPart</string>
					<float name="Weight">1</float>
				</Properties>
				<Item class="Pose" referent="RBX203">
					<Properties>
						<CoordinateFrame name="CFrame">
							<X>0.071478</X> <Y>-0.000000</Y> <Z>0.101742</Z>
							<R00>0.997084</R00> <R01>0.000000</R01> <R02>0.076308</R02>
							<R10>0.000000</R10> <R11>1.000000</R11> <R12>0.000000</R12>
							<R20>-0.076308</R20> <R21>0.000000</R21> <R22>0.997084</R22>
						</CoordinateFrame>
						<float name="MaskWeight">0</float>
						<string name="Name">Torso</string>
						<float name="Weight">1</float>
					</Properties>
					<Item class="Pose" referent="RBX206">
						<Properties>
							<CoordinateFrame name="CFrame">
								<X>0.000000</X> <Y>0.826184</Y> <Z>0.136506</Z>
								<R00>-0.987481</R00> <R01>-0.144751</R01> <R02>-0.062677</R02>
								<R10>0.157646</R10> <R11>-0.892049</R11> <R12>-0.423552</R12>
								<R20>0.005398</R20> <R21>-0.428131</R21> <R22>0.903701</R22>
							</CoordinateFrame>
							<float name="MaskWeight">0</float>
							<string name="Name">Right Arm</string>
							<float name="Weight">1</float>
						</Properties>
					</Item>
					<Item class="Pose" referent="RBX209">
						<Properties>
							<CoordinateFrame name="CFrame">
								<X>-0.005500</X> <Y>0.000000</Y> <Z>0.075420</Z>
								<R00>0.997787</R00> <R01>0.000000</R01> <R02>-0.066488</R02>
								<R10>0.000000</R10> <R11>1.000000</R11> <R12>0.000000</R12>
								<R20>0.066488</R20> <R21>0.000000</R21> <R22>0.997787</R22>
							</CoordinateFrame>
							<float name="MaskWeight">0</float>
							<string name="Name">Head</string>
							<float name="Weight">1</float>
						</Properties>
					</Item>
					<Item class="Pose" referent="RBX213">
						<Properties>
							<CoordinateFrame name="CFrame">
								<X>0.000000</X> <Y>-0.000000</Y> <Z>-0.000000</Z>
								<R00>1.000000</R00> <R01>0.000000</R01> <R02>0.000000</R02>
								<R10>-0.000000</R10> <R11>0.980472</R11> <R12>0.196661</R12>
								<R20>-0.000000</R20> <R21>-0.196661</R21> <R22>0.980472</R22>
							</CoordinateFrame>
							<float name="MaskWeight">0</float>
							<string name="Name">Left Arm</string>
							<float name="Weight">1</float>
						</Properties>
					</Item>
					<Item class="Pose" referent="RBX216">
						<Properties>
							<CoordinateFrame name="CFrame">
								<X>0.000000</X> <Y>0.000000</Y> <Z>-0.000000</Z>
								<R00>1.000000</R00> <R01>-0.000000</R01> <R02>0.000000</R02>
								<R10>0.000000</R10> <R11>0.996248</R11> <R12>0.086547</R12>
								<R20>-0.000000</R20> <R21>-0.086547</R21> <R22>0.996248</R22>
							</CoordinateFrame>
							<float name="MaskWeight">0</float>
							<string name="Name">Left Leg</string>
							<float name="Weight">1</float>
						</Properties>
					</Item>
					<Item class="Pose" referent="RBX219">
						<Properties>
							<CoordinateFrame name="CFrame">
								<X>0.000000</X> <Y>-0.075876</Y> <Z>-0.005533</Z>
								<R00>0.993831</R00> <R01>0.083156</R01> <R02>-0.073383</R02>
								<R10>-0.086191</R10> <R11>0.995507</R11> <R12>-0.039212</R12>
								<R20>0.069792</R20> <R21>0.045295</R21> <R22>0.996533</R22>
							</CoordinateFrame>
							<float name="MaskWeight">0</float>
