<roblox xmlns:xmime="http://www.w3.org/2005/05/xmlmime" xmlns:xsi="http://www.w3.org/2001/XMLSchema-instance" xsi:noNamespaceSchemaLocation="http://www.mulrbx.com/roblox.xsd" version="4" assettype="animation">
   <External>null</External>
   <External>nil</External>
   <Item class="KeyframeSequence" referent="RBX0">
		<Properties>
			<bool name="Loop">true</bool>
			<string name="Name">Test</string>
			<token name="Priority">1000</token>
		</Properties>
		<Item class="Keyframe" referent="RBX1">
			<Properties>
				<string name="Name">Keyframe</string>
				<float name="Time">0.000000</float>
			</Properties>
			<Item class="Pose" referent="RBX4">
				<Properties>
					<CoordinateFrame name="CFrame">
						<X>0.000000</X> <Y>0.000000</Y> <Z>0.000000</Z>
						<R00>1.000000</R00> <R01>0.000000</R01> <R02>0.000000</R02>
						<R10>0.000000</R10> <R11>1.000000</R11> <R12>0.000000</R12>
						<R20>0.000000</R20> <R21>0.000000</R21> <R22>1.000000</R22>
					</CoordinateFrame>
					<float name="MaskWeight">0</float>
					<string name="Name">HumanoidRootPart</string>
					<float name="Weight">1</float>
				</Properties>
				<Item class="Pose" referent="RBX5">
					<Properties>
						<CoordinateFrame name="CFrame">
							<X>-0.005363</X> <Y>-0.116436</Y> <Z>-0.003087</Z>
							<R00>1.000000</R00> <R01>0.000000</R01> <R02>0.000000</R02>
							<R10>0.000000</R10> <R11>1.000000</R11> <R12>0.000000</R12>
							<R20>0.000000</R20> <R21>0.000000</R21> <R22>1.000000</R22>
						</CoordinateFrame>
						<float name="MaskWeight">0</float>
						<string name="Name">LowerTorso</string>
						<float name="Weight">1</float>
					</Properties>
					<Item class="Pose" referent="RBX6">
						<Properties>
							<CoordinateFrame name="CFrame">
								<X>0.000000</X> <Y>0.000000</Y> <Z>0.000000</Z>
								<R00>0.999485</R00> <R01>0.000850</R01> <R02>0.032074</R02>
								<R10>0.000223</R10> <R11>0.999441</R11> <R12>-0.033417</R12>
								<R20>-0.032084</R20> <R21>0.033407</R21> <R22>0.998927</R22>
							</CoordinateFrame>
							<float name="MaskWeight">0</float>
							<string name="Name">UpperTorso</string>
							<float name="Weight">1</float>
						</Properties>
						<Item class="Pose" referent="RBX7">
							<Properties>
								<CoordinateFrame name="CFrame">
									<X>0.000000</X> <Y>0.000000</Y> <Z>0.042861</Z>
									<R00>0.999535</R00> <R01>-0.004406</R01> <R02>-0.030169</R02>
									<R10>0.005073</R10> <R11>0.999744</R11> <R12>0.022078</R12>
									<R20>0.030064</R20> <R21>-0.022220</R21> <R22>0.999301</R22>
								</CoordinateFrame>
								<float name="MaskWeight">0</float>
								<string name="Name">Head</string>
								<float name="Weight">1</float>
							</Properties>
						</Item>
						<Item class="Pose" referent="RBX8">
							<Properties>
								<CoordinateFrame name="CFrame">
									<X>-0.000145</X> <Y>0.000084</Y> <Z>0.000365</Z>
									<R00>-0.058361</R00> <R01>0.949588</R01> <R02>0.308021</R02>
									<R10>-0.577296</R10> <R11>0.219622</R11> <R12>-0.786445</R12>
									<R20>-0.814446</R20> <R21>-0.223717</R21> <R22>0.535376</R22>
								</CoordinateFrame>
								<float name="MaskWeight">0</float>
								<string name="Name">LeftUpperArm</string>
								<float name="Weight">1</float>
							</Properties>
							<Item class="Pose" referent="RBX9">
								<Properties>
									<CoordinateFrame name="CFrame">
										<X>-0.000370</X> <Y>-0.000127</Y> <Z>0.000000</Z>
										<R00>0.999898</R00> <R01>-0.001978</R01> <R02>-0.014121</R02>
										<R10>-0.001895</R10> <R11>0.963107</R11> <R12>-0.269113</R12>
										<R20>0.014132</R20> <R21>0.269113</R21> <R22>0.963005</R22>
									</CoordinateFrame>
									<float name="MaskWeight">0</float>
									<string name="Name">LeftLowerArm</string>
									<float name="Weight">1</float>
								</Properties>
								<Item class="Pose" referent="RBX10">
									<Properties>
										<CoordinateFrame name="CFrame">
											<X>0.000000</X> <Y>0.000206</Y> <Z>-0.000000</Z>
											<R00>1.000000</R00> <R01>-0.000000</R01> <R02>0.000000</R02>
											<R10>0.000000</R10> <R11>1.000000</R11> <R12>0.000000</R12>
											<R20>0.000000</R20> <R21>0.000000</R21> <R22>1.000000</R22>
										</CoordinateFrame>
										<float name="MaskWeight">0</float>
										<string name="Name">LeftHand</string>
										<float name="Weight">1</float>
									</Properties>
								</Item>
							</Item>
						</Item>
						<Item class="Pose" referent="RBX11">
							<Properties>
								<CoordinateFrame name="CFrame">
									<X>0.000013</X> <Y>-0.000023</Y> <Z>0.000000</Z>
									<R00>-0.013431</R00> <R01>-0.954898</R01> <R02>-0.296632</R02>
									<R10>0.772715</R10> <R11>0.178368</R11> <R12>-0.609177</R12>
									<R20>0.634611</R20> <R21>-0.237394</R21> <R22>0.735468</R22>
								</CoordinateFrame>
								<float name="MaskWeight">0</float>
								<string name="Name">RightUpperArm</string>
								<float name="Weight">1</float>
							</Properties>
							<Item class="Pose" referent="RBX12">
								<Properties>
									<CoordinateFrame name="CFrame">
										<X>-0.000020</X> <Y>0.000018</Y> <Z>0.000000</Z>
										<R00>0.999542</R00> <R01>-0.006387</R01> <R02>-0.029586</R02>
										<R10>-0.003906</R10> <R11>0.942081</R11> <R12>-0.335363</R12>
										<R20>0.030014</R20> <R21>0.335325</R21> <R22>0.941624</R22>
									</CoordinateFrame>
									<float name="MaskWeight">0</float>
									<string name="Name">RightLowerArm</string>
									<float name="Weight">1</float>
								</Properties>
								<Item class="Pose" referent="RBX13">
									<Properties>
										<CoordinateFrame name="CFrame">
											<X>-0.000000</X> <Y>-0.000000</Y> <Z>0.000000</Z>
											<R00>1.000000</R00> <R01>-0.000000</R01> <R02>-0.000000</R02>
											<R10>0.000000</R10> <R11>1.000000</R11> <R12>0.000000</R12>
											<R20>-0.000000</R20> <R21>-0.000000</R21> <R22>1.000000</R22>
										</CoordinateFrame>
										<float name="MaskWeight">0</float>
										<string name="Name">RightHand</string>
										<float name="Weight">1</float>
									</Properties>
								</Item>
							</Item>
						</Item>
					</Item>
					<Item class="Pose" referent="RBX14">
						<Properties>
							<CoordinateFrame name="CFrame">
								<X>-0.000200</X> <Y>0.000102</Y> <Z>0.015000</Z>
								<R00>0.997094</R00> <R01>0.067221</R01> <R02>-0.035840</R02>
								<R10>-0.072981</R10> <R11>0.977799</R11> <R12>-0.196427</R12>
								<R20>0.021840</R20> <R21>0.198472</R21> <R22>0.979863</R22>
							</CoordinateFrame>
							<float name="MaskWeight">0</float>
							<string name="Name">LeftUpperLeg</string>
							<float name="Weight">1</float>
						</Properties>
						<Item class="Pose" referent="RBX15">
							<Properties>
								<CoordinateFrame name="CFrame">
									<X>-0.000000</X> <Y>-0.000400</Y> <Z>0.000178</Z>
									<R00>1.000000</R00> <R01>0.000006</R01> <R02>0.000005</R02>
									<R10>-0.000008</R10> <R11>0.819234</R11> <R12>0.573459</R12>
									<R20>-0.000000</R20> <R21>-0.573459</R21> <R22>0.819234</R22>
								</CoordinateFrame>
								<float name="MaskWeight">0</float>
								<string name="Name">LeftLowerLeg</string>
								<float name="Weight">1</float>
							</Properties>
							<Item class="Pose" referent="RBX16">
								<Properties>
									<CoordinateFrame name="CFrame">
										<X>-0.000001</X> <Y>0.000000</Y> <Z>0.075000</Z>
										<R00>0.989231</R00> <R01>-0.145419</R01> <R02>0.016602</R02>
										<R10>0.139709</R10> <R11>0.904353</R11> <R12>-0.403270</R12>
										<R20>0.043629</R20> <R21>0.401247</R21> <R22>0.914930</R22>
									</CoordinateFrame>
									<float name="MaskWeight">0</float>
									<string name="Name">LeftFoot</string>
									<float name="Weight">1</float>
								</Properties>
							</Item>
						</Item>
					</Item>
					<Item class="Pose" referent="RBX17">
						<Properties>
							<CoordinateFrame name="CFrame">
								<X>0.000200</X> <Y>0.000307</Y> <Z>0.015000</Z>
								<R00>0.993071</R00> <R01>-0.107238</R01> <R02>0.048070</R02>
								<R10>0.117099</R10> <R11>0.868401</R11> <R12>-0.481837</R12>
								<R20>0.009927</R20> <R21>0.484127</R21> <R22>0.874941</R22>
							</CoordinateFrame>
							<float name="MaskWeight">0</float>
							<string name="Name">RightUpperLeg</string>
							<float name="Weight">1</float>
						</Properties>
						<Item class="Pose" referent="RBX18">
							<Properties>
								<CoordinateFrame name="CFrame">
									<X>0.000000</X> <Y>-0.000000</Y> <Z>0.000000</Z>
									<R00>1.000000</R00> <R01>0.000000</R01> <R02>0.000000</R02>
									<R10>-0.000000</R10> <R11>0.787002</R11> <R12>0.616950</R12>
									<R20>-0.000000</R20> <R21>-0.616950</R21> <R22>0.787002</R22>
								</CoordinateFrame>
								<float name="MaskWeight">0</float>
								<string name="Name">RightLowerLeg</string>
								<float name="Weight">1</float>
							</Properties>
							<Item class="Pose" referent="RBX19">
								<Properties>
									<CoordinateFrame name="CFrame">
										<X>0.000000</X> <Y>-0.000006</Y> <Z>0.075000</Z>
										<R00>0.983564</R00> <R01>0.180514</R01> <R02>-0.003934</R02>
										<R10>-0.176664</R10> <R11>0.957629</R11> <R12>-0.227455</R12>
										<R20>-0.037291</R20> <R21>0.224411</R21> <R22>0.973781</R22>
									</CoordinateFrame>
									<float name="MaskWeight">0</float>
									<string name="Name">RightFoot</string>
									<float name="Weight">1</float>
								</Properties>
							</Item>
						</Item>
					</Item>
				</Item>
			</Item>
		</Item>
		<Item class="Keyframe" referent="RBX20">
			<Properties>
				<string name="Name">Keyframe</string>
				<float name="Time">0.042553</float>
			</Properties>
			<Item class="Pose" referent="RBX23">
				<Properties>
					<CoordinateFrame name="CFrame">
						<X>0.000000</X> <Y>0.000000</Y> <Z>0.000000</Z>
						<R00>1.000000</R00> <R01>0.000000</R01> <R02>0.000000</R02>
						<R10>0.000000</R10> <R11>1.000000</R11> <R12>0.000000</R12>
						<R20>0.000000</R20> <R21>0.000000</R21> <R22>1.000000</R22>
					</CoordinateFrame>
					<float name="MaskWeight">0</float>
					<string name="Name">HumanoidRootPart</string>
					<float name="Weight">1</float>
				</Properties>
				<Item class="Pose" referent="RBX24">
					<Properties>
						<CoordinateFrame name="CFrame">
							<X>0.008828</X> <Y>-0.110598</Y> <Z>-0.027486</Z>
							<R00>1.000000</R00> <R01>0.000000</R01> <R02>0.000000</R02>
							<R10>0.000000</R10> <R11>1.000000</R11> <R12>0.000000</R12>
							<R20>0.000000</R20> <R21>0.000000</R21> <R22>1.000000</R22>
						</CoordinateFrame>
						<float name="MaskWeight">0</float>
						<string name="Name">LowerTorso</string>
						<float name="Weight">1</float>
					</Properties>
					<Item class="Pose" referent="RBX25">
						<Properties>
							<CoordinateFrame name="CFrame">
								<X>0.000000</X> <Y>0.000000</Y> <Z>0.000000</Z>
								<R00>0.999056</R00> <R01>0.017251</R01> <R02>0.039882</R02>
								<R10>-0.015804</R10> <R11>0.999216</R11> <R12>-0.036309</R12>
								<R20>-0.040477</R20> <R21>0.035645</R21> <R22>0.998544</R22>
							</CoordinateFrame>
							<float name="MaskWeight">0</float>
							<string name="Name">UpperTorso</string>
							<float name="Weight">1</float>
						</Properties>
						<Item class="Pose" referent="RBX26">
							<Properties>
								<CoordinateFrame name="CFrame">
									<X>0.000000</X> <Y>0.000000</Y> <Z>0.042861</Z>
									<R00>0.999541</R00> <R01>-0.002606</R01> <R02>-0.030168</R02>
									<R10>0.003273</R10> <R11>0.999751</R11> <R12>0.022077</R12>
									<R20>0.030103</R20> <R21>-0.022166</R21> <R22>0.999301</R22>
								</CoordinateFrame>
								<float name="MaskWeight">0</float>
								<string name="Name">Head</string>
								<float name="Weight">1</float>
							</Properties>
						</Item>
						<Item class="Pose" referent="RBX27">
							<Properties>
								<CoordinateFrame name="CFrame">
									<X>-0.000144</X> <Y>0.000084</Y> <Z>0.000365</Z>
									<R00>-0.058601</R00> <R01>0.942117</R01> <R02>0.330122</R02>
									<R10>-0.573667</R10> <R11>0.238855</R11> <R12>-0.783489</R12>
									<R20>-0.816990</R20> <R21>-0.235294</R21> <R22>0.526464</R22>
								</CoordinateFrame>
								<float name="MaskWeight">0</float>
								<string name="Name">LeftUpperArm</string>
								<float name="Weight">1</float>
							</Properties>
							<Item class="Pose" referent="RBX28">
								<Properties>
									<CoordinateFrame name="CFrame">
										<X>-0.000370</X> <Y>-0.000127</Y> <Z>-0.000000</Z>
										<R00>0.999903</R00> <R01>-0.000607</R01> <R02>-0.013912</R02>
										<R10>-0.003867</R10> <R11>0.947655</R11> <R12>-0.319273</R12>
										<R20>0.013377</R20> <R21>0.319296</R21> <R22>0.947561</R22>
									</CoordinateFrame>
									<float name="MaskWeight">0</float>
									<string name="Name">LeftLowerArm</string>
									<float name="Weight">1</float>
								</Properties>
								<Item class="Pose" referent="RBX29">
									<Properties>
										<CoordinateFrame name="CFrame">
											<X>0.000000</X> <Y>0.000206</Y> <Z>0.000000</Z>
											<R00>1.000000</R00> <R01>0.000000</R01> <R02>0.000000</R02>
											<R10>0.000000</R10> <R11>1.000000</R11> <R12>0.000000</R12>
											<R20>0.000000</R20> <R21>-0.000000</R21> <R22>1.000000</R22>
										</CoordinateFrame>
										<float name="MaskWeight">0</float>
										<string name="Name">LeftHand</string>
										<float name="Weight">1</float>
									</Properties>
								</Item>
							</Item>
						</Item>
						<Item class="Pose" referent="RBX30">
							<Properties>
								<CoordinateFrame name="CFrame">
									<X>0.000013</X> <Y>-0.000024</Y> <Z>-0.000000</Z>
									<R00>-0.013431</R00> <R01>-0.954898</R01> <R02>-0.296632</R02>
									<R10>0.772715</R10> <R11>0.178368</R11> <R12>-0.609177</R12>
									<R20>0.634611</R20> <R21>-0.237394</R21> <R22>0.735468</R22>
								</CoordinateFrame>
								<float name="MaskWeight">0</float>
								<string name="Name">RightUpperArm</string>
								<float name="Weight">1</float>
							</Properties>
							<Item class="Pose" referent="RBX31">
								<Properties>
									<CoordinateFrame name="CFrame">
										<X>-0.000020</X> <Y>0.000018</Y> <Z>-0.000000</Z>
										<R00>0.999602</R00> <R01>-0.006874</R01> <R02>-0.027349</R02>
										<R10>-0.002908</R10> <R11>0.939538</R11> <R12>-0.342432</R12>
										<R20>0.028049</R20> <R21>0.342376</R21> <R22>0.939144</R22>
									</CoordinateFrame>
									<float name="MaskWeight">0</float>
									<string name="Name">RightLowerArm</string>
									<float name="Weight">1</float>
								</Properties>
								<Item class="Pose" referent="RBX32">
									<Properties>
										<CoordinateFrame name="CFrame">
											<X>0.000000</X> <Y>-0.000000</Y> <Z>0.000000</Z>
											<R00>1.000000</R00> <R01>-0.000000</R01> <R02>-0.000000</R02>
											<R10>0.000000</R10> <R11>1.000000</R11> <R12>0.000000</R12>
											<R20>0.000000</R20> <R21>0.000000</R21> <R22>1.000000</R22>
										</CoordinateFrame>
										<float name="MaskWeight">0</float>
										<string name="Name">RightHand</string>
										<float name="Weight">1</float>
									</Properties>
								</Item>
							</Item>
						</Item>
					</Item>
					<Item class="Pose" referent="RBX33">
						<Properties>
							<CoordinateFrame name="CFrame">
								<X>-0.000200</X> <Y>0.000102</Y> <Z>0.015000</Z>
								<R00>0.996464</R00> <R01>0.076071</R01> <R02>-0.035673</R02>
								<R10>-0.080806</R10> <R11>0.983985</R11> <R12>-0.158885</R12>
								<R20>0.023015</R20> <R21>0.161206</R21> <R22>0.986652</R22>
							</CoordinateFrame>
							<float name="MaskWeight">0</float>
							<string name="Name">LeftUpperLeg</string>
							<float name="Weight">1</float>
						</Properties>
						<Item class="Pose" referent="RBX34">
							<Properties>
								<CoordinateFrame name="CFrame">
									<X>-0.000000</X> <Y>-0.000400</Y> <Z>0.000178</Z>
									<R00>1.000000</R00> <R01>0.000006</R01> <R02>0.000004</R02>
									<R10>-0.000007</R10> <R11>0.842525</R11> <R12>0.538658</R12>
									<R20>-0.000000</R20> <R21>-0.538658</R21> <R22>0.842524</R22>
								</CoordinateFrame>
								<float name="MaskWeight">0</float>
								<string name="Name">LeftLowerLeg</string>
								<float name="Weight">1</float>
							</Properties>
							<Item class="Pose" referent="RBX35">
								<Properties>
									<CoordinateFrame name="CFrame">
										<X>-0.000001</X> <Y>0.000000</Y> <Z>0.075000</Z>
										<R00>0.988890</R00> <R01>-0.147868</R01> <R02>0.015203</R02>
										<R10>0.141911</R10> <R11>0.908687</R11> <R12>-0.392617</R12>
										<R20>0.044240</R20> <R21>0.390413</R21> <R22>0.919576</R22>
									</CoordinateFrame>
									<float name="MaskWeight">0</float>
									<string name="Name">LeftFoot</string>
									<float name="Weight">1</float>
								</Properties>
							</Item>
						</Item>
					</Item>
					<Item class="Pose" referent="RBX36">
						<Properties>
							<CoordinateFrame name="CFrame">
								<X>0.000200</X> <Y>0.000307</Y> <Z>0.015000</Z>
								<R00>0.994076</R00> <R01>-0.099370</R01> <R02>0.044028</R02>
								<R10>0.108428</R10> <R11>0.878729</R11> <R12>-0.464842</R12>
								<R20>0.007503</R20> <R21>0.466862</R21> <R22>0.884298</R22>
							</CoordinateFrame>
							<float name="MaskWeight">0</float>
							<string name="Name">RightUpperLeg</string>
							<float name="Weight">1</float>
						</Properties>
						<Item class="Pose" referent="RBX37">
							<Properties>
								<CoordinateFrame name="CFrame">
									<X>0.000000</X> <Y>-0.000000</Y> <Z>0.000000</Z>
									<R00>1.000000</R00> <R01>-0.000000</R01> <R02>-0.000000</R02>
									<R10>-0.000000</R10> <R11>0.791843</R11> <R12>0.610724</R12>
									<R20>0.000000</R20> <R21>-0.610724</R21> <R22>0.791843</R22>
								</CoordinateFrame>
								<float name="MaskWeight">0</float>
								<string name="Name">RightLowerLeg</string>
								<float name="Weight">1</float>
							</Properties>
							<Item class="Pose" referent="RBX38">
								<Properties>
									<CoordinateFrame name="CFrame">
										<X>-0.000000</X> <Y>-0.000006</Y> <Z>0.075000</Z>
										<R00>0.984049</R00> <R01>0.177850</R01> <R02>-0.004074</R02>
										<R10>-0.174071</R10> <R11>0.957911</R11> <R12>-0.228269</R12>
										<R20>-0.036695</R20> <R21>0.225337</R21> <R22>0.973590</R22>
									</CoordinateFrame>
									<float name="MaskWeight">0</float>
									<string name="Name">RightFoot</string>
									<float name="Weight">1</float>
								</Properties>
							</Item>
						</Item>
					</Item>
				</Item>
			</Item>
		</Item>
		<Item class="Keyframe" referent="RBX39">
			<Properties>
				<string name="Name">Keyframe</string>
				<float name="Time">0.085106</float>
			</Properties>
			<Item class="Pose" referent="RBX42">
				<Properties>
					<CoordinateFrame name="CFrame">
						<X>0.000000</X> <Y>0.000000</Y> <Z>0.000000</Z>
						<R00>1.000000</R00> <R01>0.000000</R01> <R02>0.000000</R02>
						<R10>0.000000</R10> <R11>1.000000</R11> <R12>0.000000</R12>
						<R20>0.000000</R20> <R21>0.000000</R21> <R22>1.000000</R22>
					</CoordinateFrame>
					<float name="MaskWeight">0</float>
					<string name="Name">HumanoidRootPart</string>
					<float name="Weight">1</float>
				</Properties>
				<Item class="Pose" referent="RBX43">
					<Properties>
						<CoordinateFrame name="CFrame">
							<X>0.023787</X> <Y>-0.105031</Y> <Z>-0.048076</Z>
							<R00>1.000000</R00> <R01>0.000000</R01> <R02>0.000000</R02>
							<R10>0.000000</R10> <R11>1.000000</R11> <R12>0.000000</R12>
							<R20>0.000000</R20> <R21>0.000000</R21> <R22>1.000000</R22>
						</CoordinateFrame>
						<float name="MaskWeight">0</float>
						<string name="Name">LowerTorso</string>
						<float name="Weight">1</float>
					</Properties>
					<Item class="Pose" referent="RBX44">
						<Properties>
							<CoordinateFrame name="CFrame">
								<X>0.000000</X> <Y>0.000000</Y> <Z>0.000000</Z>
								<R00>0.998309</R00> <R01>0.033347</R01> <R02>0.047606</R02>
								<R10>-0.031315</R10> <R11>0.998592</R11> <R12>-0.042810</R12>
								<R20>-0.048966</R20> <R21>0.041247</R21> <R22>0.997948</R22>
							</CoordinateFrame>
							<float name="MaskWeight">0</float>
							<string name="Name">UpperTorso</string>
							<float name="Weight">1</float>
						</Properties>
						<Item class="Pose" referent="RBX45">
							<Properties>
								<CoordinateFrame name="CFrame">
									<X>-0.000000</X> <Y>0.000000</Y> <Z>0.042861</Z>
									<R00>0.999543</R00> <R01>0.001893</R01> <R02>-0.030167</R02>
									<R10>-0.001227</R10> <R11>0.999756</R11> <R12>0.022076</R12>
									<R20>0.030202</R20> <R21>-0.022029</R21> <R22>0.999301</R22>
								</CoordinateFrame>
								<float name="MaskWeight">0</float>
								<string name="Name">Head</string>
								<float name="Weight">1</float>
							</Properties>
						</Item>
						<Item class="Pose" referent="RBX46">
							<Properties>
								<CoordinateFrame name="CFrame">
									<X>-0.000145</X> <Y>0.000084</Y> <Z>0.000365</Z>
									<R00>-0.058269</R00> <R01>0.921978</R01> <R02>0.382834</R02>
									<R10>-0.566931</R10> <R11>0.285086</R11> <R12>-0.772862</R12>
									<R20>-0.821702</R20> <R21>-0.262074</R21> <R22>0.506086</R22>
								</CoordinateFrame>
								<float name="MaskWeight">0</float>
								<string name="Name">LeftUpperArm</string>
								<float name="Weight">1</float>
							</Properties>
							<Item class="Pose" referent="RBX47">
								<Properties>
									<CoordinateFrame name="CFrame">
										<X>-0.000370</X> <Y>-0.000127</Y> <Z>0.000000</Z>
										<R00>0.999895</R00> <R01>0.002921</R01> <R02>-0.014187</R02>
										<R10>-0.008868</R10> <R11>0.897884</R11> <R12>-0.440144</R12>
										<R20>0.011452</R20> <R21>0.440224</R21> <R22>0.897815</R22>
									</CoordinateFrame>
									<float name="MaskWeight">0</float>
									<string name="Name">LeftLowerArm</string>
									<float name="Weight">1</float>
								</Properties>
								<Item class="Pose" referent="RBX48">
									<Properties>
										<CoordinateFrame name="CFrame">
											<X>0.000000</X> <Y>0.000206</Y> <Z>0.000000</Z>
											<R00>1.000000</R00> <R01>-0.000000</R01> <R02>0.000000</R02>
											<R10>-0.000000</R10> <R11>1.000000</R11> <R12>0.000000</R12>
											<R20>0.000000</R20> <R21>-0.000000</R21> <R22>1.000000</R22>
										</CoordinateFrame>
										<float name="MaskWeight">0</float>
										<string name="Name">LeftHand</string>
										<float name="Weight">1</float>
									</Properties>
								</Item>
							</Item>
						</Item>
						<Item class="Pose" referent="RBX49">
							<Properties>
								<CoordinateFrame name="CFrame">
									<X>0.000013</X> <Y>-0.000024</Y> <Z>0.000000</Z>
									<R00>-0.013431</R00> <R01>-0.954898</R01> <R02>-0.296632</R02>
									<R10>0.772715</R10> <R11>0.178368</R11> <R12>-0.609177</R12>
									<R20>0.634611</R20> <R21>-0.237394</R21> <R22>0.735468</R22>
								</CoordinateFrame>
								<float name="MaskWeight">0</float>
								<string name="Name">RightUpperArm</string>
								<float name="Weight">1</float>
							</Properties>
							<Item class="Pose" referent="RBX50">
								<Properties>
									<CoordinateFrame name="CFrame">
										<X>-0.000020</X> <Y>0.000018</Y> <Z>0.000000</Z>
										<R00>0.999735</R00> <R01>-0.007912</R01> <R02>-0.021602</R02>
										<R10>-0.000385</R10> <R11>0.933119</R11> <R12>-0.359569</R12>
										<R20>0.023002</R20> <R21>0.359482</R21> <R22>0.932868</R22>
									</CoordinateFrame>
									<float name="MaskWeight">0</float>
									<string name="Name">RightLowerArm</string>
									<float name="Weight">1</float>
								</Properties>
								<Item class="Pose" referent="RBX51">
									<Properties>
										<CoordinateFrame name="CFrame">
											<X>-0.000000</X> <Y>-0.000000</Y> <Z>0.000000</Z>
											<R00>1.000000</R00> <R01>0.000000</R01> <R02>0.000000</R02>
											<R10>0.000000</R10> <R11>1.000000</R11> <R12>-0.000000</R12>
											<R20>0.000000</R20> <R21>-0.000000</R21> <R22>1.000000</R22>
										</CoordinateFrame>
										<float name="MaskWeight">0</float>
										<string name="Name">RightHand</string>
										<float name="Weight">1</float>
									</Properties>
								</Item>
							</Item>
						</Item>
					</Item>
					<Item class="Pose" referent="RBX52">
						<Properties>
							<CoordinateFrame name="CFrame">
								<X>-0.000200</X> <Y>0.000102</Y> <Z>0.015000</Z>
								<R00>0.995732</R00> <R01>0.085289</R01> <R02>-0.035271</R02>
								<R10>-0.089026</R10> <R11>0.988369</R11> <R12>-0.123294</R12>
								<R20>0.024345</R20> <R21>0.125908</R21> <R22>0.991743</R22>
							</CoordinateFrame>
							<float name="MaskWeight">0</float>
							<string name="Name">LeftUpperLeg</string>
							<float name="Weight">1</float>
						</Properties>
						<Item class="Pose" referent="RBX53">
							<Properties>
								<CoordinateFrame name="CFrame">
									<X>-0.000000</X> <Y>-0.000400</Y> <Z>0.000178</Z>
									<R00>1.000000</R00> <R01>0.000006</R01> <R02>0.000004</R02>
									<R10>-0.000007</R10> <R11>0.864535</R11> <R12>0.502573</R12>
									<R20>-0.000000</R20> <R21>-0.502573</R21> <R22>0.864534</R22>
								</CoordinateFrame>
								<float name="MaskWeight">0</float>
								<string name="Name">LeftLowerLeg</string>
								<float name="Weight">1</float>
							</Properties>
							<Item class="Pose" referent="RBX54">
								<Properties>
									<CoordinateFrame name="CFrame">
										<X>-0.000001</X> <Y>0.000000</Y> <Z>0.075000</Z>
										<R00>0.987965</R00> <R01>-0.154247</R01> <R02>0.011515</R02>
										<R10>0.147726</R10> <R11>0.918896</R11> <R12>-0.365795</R12>
										<R20>0.045842</R20> <R21>0.363094</R21> <R22>0.930624</R22>
									</CoordinateFrame>
									<float name="MaskWeight">0</float>
									<string name="Name">LeftFoot</string>
									<float name="Weight">1</float>
								</Properties>
							</Item>
						</Item>
					</Item>
					<Item class="Pose" referent="RBX55">
						<Properties>
							<CoordinateFrame name="CFrame">
								<X>0.000200</X> <Y>0.000307</Y> <Z>0.015000</Z>
								<R00>0.995048</R00> <R01>-0.090955</R01> <R02>0.040075</R02>
								<R10>0.099253</R10> <R11>0.887925</R11> <R12>-0.449152</R12>
								<R20>0.005269</R20> <R21>0.450905</R21> <R22>0.892556</R22>
							</CoordinateFrame>
							<float name="MaskWeight">0</float>
							<string name="Name">RightUpperLeg</string>
							<float name="Weight">1</float>
						</Properties>
						<Item class="Pose" referent="RBX56">
							<Properties>
								<CoordinateFrame name="CFrame">
									<X>0.000000</X> <Y>-0.000000</Y> <Z>0.000000</Z>
									<R00>1.000000</R00> <R01>-0.000000</R01> <R02>0.000000</R02>
									<R10>0.000000</R10> <R11>0.797365</R11> <R12>0.603498</R12>
									<R20>0.000000</R20> <R21>-0.603498</R21> <R22>0.797365</R22>
								</CoordinateFrame>
								<float name="MaskWeight">0</float>
								<string name="Name">RightLowerLeg</string>
								<float name="Weight">1</float>
							</Properties>
							<Item class="Pose" referent="RBX57">
								<Properties>
									<CoordinateFrame name="CFrame">
										<X>0.000000</X> <Y>-0.000006</Y> <Z>0.075000</Z>
										<R00>0.985266</R00> <R01>0.170974</R01> <R02>-0.004407</R02>
										<R10>-0.167379</R10> <R11>0.958615</R11> <R12>-0.230308</R12>
										<R20>-0.035152</R20> <R21>0.227652</R21> <R22>0.973108</R22>
									</CoordinateFrame>
									<float name="MaskWeight">0</float>
									<string name="Name">RightFoot</string>
									<float name="Weight">1</float>
								</Properties>
							</Item>
						</Item>
					</Item>
				</Item>
			</Item>
		</Item>
		<Item class="Keyframe" referent="RBX58">
			<Properties>
				<string name="Name">Keyframe</string>
				<float name="Time">0.127660</float>
			</Properties>
			<Item class="Pose" referent="RBX61">
				<Properties>
					<CoordinateFrame name="CFrame">
						<X>0.000000</X> <Y>0.000000</Y> <Z>0.000000</Z>
						<R00>1.000000</R00> <R01>0.000000</R01> <R02>0.000000</R02>
						<R10>0.000000</R10> <R11>1.000000</R11> <R12>0.000000</R12>
						<R20>0.000000</R20> <R21>0.000000</R21> <R22>1.000000</R22>
					</CoordinateFrame>
					<float name="MaskWeight">0</float>
					<string name="Name">HumanoidRootPart</string>
					<float name="Weight">1</float>
				</Properties>
				<Item class="Pose" referent="RBX62">
					<Properties>
						<CoordinateFrame name="CFrame">
							<X>0.038488</X> <Y>-0.100087</Y> <Z>-0.063943</Z>
							<R00>1.000000</R00> <R01>0.000000</R01> <R02>0.000000</R02>
							<R10>0.000000</R10> <R11>1.000000</R11> <R12>0.000000</R12>
							<R20>0.000000</R20> <R21>0.000000</R21> <R22>1.000000</R22>
						</CoordinateFrame>
						<float name="MaskWeight">0</float>
						<string name="Name">LowerTorso</string>
						<float name="Weight">1</float>
					</Properties>
					<Item class="Pose" referent="RBX63">
						<Properties>
							<CoordinateFrame name="CFrame">
								<X>0.000000</X> <Y>0.000000</Y> <Z>0.000000</Z>
								<R00>0.997279</R00> <R01>0.049005</R01> <R02>0.055067</R02>
								<R10>-0.046194</R10> <R11>0.997619</R11> <R12>-0.051207</R12>
								<R20>-0.057445</R20> <R21>0.048524</R21> <R22>0.997169</R22>
							</CoordinateFrame>
							<float name="MaskWeight">0</float>
							<string name="Name">UpperTorso</string>
							<float name="Weight">1</float>
						</Properties>
						<Item class="Pose" referent="RBX64">
							<Properties>
								<CoordinateFrame name="CFrame">
									<X>0.000000</X> <Y>0.000000</Y> <Z>0.042861</Z>
									<R00>0.999515</R00> <R01>0.007742</R01> <R02>-0.030167</R02>
									<R10>-0.007078</R10> <R11>0.999731</R11> <R12>0.022076</R12>
									<R20>0.030330</R20> <R21>-0.021852</R21> <R22>0.999301</R22>
								</CoordinateFrame>
								<float name="MaskWeight">0</float>
								<string name="Name">Head</string>
								<float name="Weight">1</float>
							</Properties>
						</Item>
						<Item class="Pose" referent="RBX65">
							<Properties>
								<CoordinateFrame name="CFrame">
									<X>-0.000145</X> <Y>0.000084</Y> <Z>0.000365</Z>
									<R00>-0.055597</R00> <R01>0.893418</R01> <R02>0.445773</R02>
									<R10>-0.563270</R10> <R11>0.340569</R11> <R12>-0.752821</R12>
									<R20>-0.824400</R20> <R21>-0.292945</R21> <R22>0.484301</R22>
								</CoordinateFrame>
								<float name="MaskWeight">0</float>
								<string name="Name">LeftUpperArm</string>
								<float name="Weight">1</float>
							</Properties>
							<Item class="Pose" referent="RBX66">
								<Properties>
									<CoordinateFrame name="CFrame">
										<X>-0.000370</X> <Y>-0.000127</Y> <Z>0.000000</Z>
										<R00>0.999840</R00> <R01>0.007407</R01> <R02>-0.016275</R02>
										<R10>-0.015529</R10> <R11>0.810914</R11> <R12>-0.584960</R12>
										<R20>0.008865</R20> <R21>0.585119</R21> <R22>0.810899</R22>
									</CoordinateFrame>
									<float name="MaskWeight">0</float>
									<string name="Name">LeftLowerArm</string>
									<float name="Weight">1</float>
								</Properties>
								<Item class="Pose" referent="RBX67">
									<Properties>
										<CoordinateFrame name="CFrame">
											<X>0.000000</X> <Y>0.000206</Y> <Z>-0.000000</Z>
											<R00>1.000000</R00> <R01>0.000000</R01> <R02>0.000000</R02>
											<R10>0.000000</R10> <R11>1.000000</R11> <R12>-0.000000</R12>
											<R20>0.000000</R20> <R21>-0.000000</R21> <R22>1.000000</R22>
										</CoordinateFrame>
										<float name="MaskWeight">0</float>
										<string name="Name">LeftHand</string>
										<float name="Weight">1</float>
									</Properties>
								</Item>
							</Item>
						</Item>
						<Item class="Pose" referent="RBX68">
							<Properties>
								<CoordinateFrame name="CFrame">
									<X>0.000013</X> <Y>-0.000024</Y> <Z>0.000000</Z>
									<R00>-0.013431</R00> <R01>-0.954898</R01> <R02>-0.296632</R02>
									<R10>0.772715</R10> <R11>0.178368</R11> <R12>-0.609177</R12>
									<R20>0.634611</R20> <R21>-0.237394</R21> <R22>0.735468</R22>
								</CoordinateFrame>
								<float name="MaskWeight">0</float>
								<string name="Name">RightUpperArm</string>
								<float name="Weight">1</float>
							</Properties>
							<Item class="Pose" referent="RBX69">
								<Properties>
									<CoordinateFrame name="CFrame">
										<X>-0.000020</X> <Y>0.000018</Y> <Z>0.000000</Z>
										<R00>0.999865</R00> <R01>-0.008875</R01> <R02>-0.013808</R02>
										<R10>0.002951</R10> <R11>0.924703</R11> <R12>-0.380679</R12>
										<R20>0.016147</R20> <R21>0.380587</R21> <R22>0.924604</R22>
									</CoordinateFrame>
									<float name="MaskWeight">0</float>
									<string name="Name">RightLowerArm</string>
									<float name="Weight">1</float>
								</Properties>
								<Item class="Pose" referent="RBX70">
									<Properties>
										<CoordinateFrame name="CFrame">
											<X>0.000000</X> <Y>-0.000000</Y> <Z>0.000000</Z>
											<R00>1.000000</R00> <R01>0.000000</R01> <R02>0.000000</R02>
											<R10>-0.000000</R10> <R11>1.000000</R11> <R12>-0.000000</R12>
											<R20>0.000000</R20> <R21>-0.000000</R21> <R22>1.000000</R22>
										</CoordinateFrame>
										<float name="MaskWeight">0</float>
										<string name="Name">RightHand</string>
										<float name="Weight">1</float>
									</Properties>
								</Item>
							</Item>
						</Item>
					</Item>
					<Item class="Pose" referent="RBX71">
						<Properties>
							<CoordinateFrame name="CFrame">
								<X>-0.000200</X> <Y>0.000102</Y> <Z>0.015000</Z>
								<R00>0.994944</R00> <R01>0.094246</R01> <R02>-0.034696</R02>
								<R10>-0.097081</R10> <R11>0.991021</R11> <R12>-0.091942</R12>
								<R20>0.025719</R20> <R21>0.094846</R21> <R22>0.995160</R22>
							</CoordinateFrame>
							<float name="MaskWeight">0</float>
							<string name="Name">LeftUpperLeg</string>
							<float name="Weight">1</float>
						</Properties>
						<Item class="Pose" referent="RBX72">
							<Properties>
								<CoordinateFrame name="CFrame">
									<X>-0.000000</X> <Y>-0.000400</Y> <Z>0.000178</Z>
									<R00>1.000000</R00> <R01>0.000005</R01> <R02>0.000003</R02>
									<R10>-0.000006</R10> <R11>0.883735</R11> <R12>0.467987</R12>
									<R20>-0.000000</R20> <R21>-0.467987</R21> <R22>0.883735</R22>
								</CoordinateFrame>
								<float name="MaskWeight">0</float>
								<string name="Name">LeftLowerLeg</string>
								<float name="Weight">1</float>
							</Properties>
							<Item class="Pose" referent="RBX73">
								<Properties>
									<CoordinateFrame name="CFrame">
										<X>-0.000001</X> <Y>-0.000000</Y> <Z>0.075000</Z>
										<R00>0.986591</R00> <R01>-0.163094</R01> <R02>0.006260</R02>
										<R10>0.155970</R10> <R11>0.930805</R11> <R12>-0.330569</R12>
										<R20>0.048087</R20> <R21>0.327113</R21> <R22>0.943761</R22>
									</CoordinateFrame>
									<float name="MaskWeight">0</float>
									<string name="Name">LeftFoot</string>
									<float name="Weight">1</float>
								</Properties>
							</Item>
						</Item>
					</Item>
					<Item class="Pose" referent="RBX74">
						<Properties>
							<CoordinateFrame name="CFrame">
								<X>0.000200</X> <Y>0.000307</Y> <Z>0.015000</Z>
								<R00>0.995916</R00> <R01>-0.082597</R01> <R02>0.036464</R02>
								<R10>0.090225</R10> <R11>0.895480</R11> <R12>-0.435862</R12>
								<R20>0.003348</R20> <R21>0.437371</R21> <R22>0.899275</R22>
							</CoordinateFrame>
							<float name="MaskWeight">0</float>
							<string name="Name">RightUpperLeg</string>
							<float name="Weight">1</float>
						</Properties>
						<Item class="Pose" referent="RBX75">
							<Properties>
								<CoordinateFrame name="CFrame">
									<X>-0.000000</X> <Y>0.000000</Y> <Z>0.000000</Z>
									<R00>1.000000</R00> <R01>0.000000</R01> <R02>-0.000000</R02>
									<R10>-0.000000</R10> <R11>0.802892</R11> <R12>0.596124</R12>
									<R20>-0.000000</R20> <R21>-0.596124</R21> <R22>0.802892</R22>
								</CoordinateFrame>
								<float name="MaskWeight">0</float>
								<string name="Name">RightLowerLeg</string>
								<float name="Weight">1</float>
							</Properties>
							<Item class="Pose" referent="RBX76">
								<Properties>
									<CoordinateFrame name="CFrame">
										<X>0.000000</X> <Y>-0.000006</Y> <Z>0.075000</Z>
										<R00>0.986850</R00> <R01>0.161565</R01> <R02>-0.004800</R02>
										<R10>-0.158225</R10> <R11>0.959527</R11> <R12>-0.232964</R12>
										<R20>-0.033033</R20> <R21>0.230660</R21> <R22>0.972474</R22>
									</CoordinateFrame>
									<float name="MaskWeight">0</float>
									<string name="Name">RightFoot</string>
									<float name="Weight">1</float>
								</Properties>
							</Item>
						</Item>
					</Item>
				</Item>
			</Item>
		</Item>
		<Item class="Keyframe" referent="RBX77">
			<Properties>
				<string name="Name">Keyframe</string>
				<float name="Time">0.170213</float>
			</Properties>
			<Item class="Pose" referent="RBX80">
				<Properties>
					<CoordinateFrame name="CFrame">
						<X>0.000000</X> <Y>0.000000</Y> <Z>0.000000</Z>
						<R00>1.000000</R00> <R01>0.000000</R01> <R02>0.000000</R02>
						<R10>0.000000</R10> <R11>1.000000</R11> <R12>0.000000</R12>
						<R20>0.000000</R20> <R21>0.000000</R21> <R22>1.000000</R22>
					</CoordinateFrame>
					<float name="MaskWeight">0</float>
					<string name="Name">HumanoidRootPart</string>
					<float name="Weight">1</float>
				</Properties>
				<Item class="Pose" referent="RBX81">
					<Properties>
						<CoordinateFrame name="CFrame">
							<X>0.051903</X> <Y>-0.096120</Y> <Z>-0.074175</Z>
							<R00>1.000000</R00> <R01>0.000000</R01> <R02>0.000000</R02>
							<R10>0.000000</R10> <R11>1.000000</R11> <R12>0.000000</R12>
							<R20>0.000000</R20> <R21>0.000000</R21> <R22>1.000000</R22>
						</CoordinateFrame>
						<float name="MaskWeight">0</float>
						<string name="Name">LowerTorso</string>
						<float name="Weight">1</float>
					</Properties>
					<Item class="Pose" referent="RBX82">
						<Properties>
							<CoordinateFrame name="CFrame">
								<X>0.000000</X> <Y>0.000000</Y> <Z>0.000000</Z>
								<R00>0.996007</R00> <R01>0.064036</R01> <R02>0.062203</R02>
								<R10>-0.060327</R10> <R11>0.996387</R11> <R12>-0.059780</R12>
								<R20>-0.065806</R20> <R21>0.055789</R21> <R22>0.996272</R22>
							</CoordinateFrame>
							<float name="MaskWeight">0</float>
							<string name="Name">UpperTorso</string>
							<float name="Weight">1</float>
						</Properties>
						<Item class="Pose" referent="RBX83">
							<Properties>
								<CoordinateFrame name="CFrame">
									<X>0.000000</X> <Y>0.000000</Y> <Z>0.042861</Z>
									<R00>0.999453</R00> <R01>0.013591</R01> <R02>-0.030167</R02>
									<R10>-0.012928</R10> <R11>0.999673</R11> <R12>0.022076</R12>
									<R20>0.030458</R20> <R21>-0.021674</R21> <R22>0.999301</R22>
								</CoordinateFrame>
								<float name="MaskWeight">0</float>
								<string name="Name">Head</string>
								<float name="Weight">1</float>
							</Properties>
						</Item>
						<Item class="Pose" referent="RBX84">
							<Properties>
								<CoordinateFrame name="CFrame">
									<X>-0.000145</X> <Y>0.000084</Y> <Z>0.000365</Z>
									<R00>-0.049120</R00> <R01>0.864710</R01> <R02>0.499864</R02>
									<R10>-0.568961</R10> <R11>0.387105</R11> <R12>-0.725558</R12>
									<R20>-0.820896</R20> <R21>-0.320042</R21> <R22>0.472971</R22>
								</CoordinateFrame>
								<float name="MaskWeight">0</float>
								<string name="Name">LeftUpperArm</string>
