<roblox xmlns:xmime="http://www.w3.org/2005/05/xmlmime" xmlns:xsi="http://www.w3.org/2001/XMLSchema-instance" xsi:noNamespaceSchemaLocation="http://www.mulrbx.com/roblox.xsd" version="4" assettype="animation">
   <External>null</External>
   <External>nil</External>
   <Item class="KeyframeSequence" referent="RBX0">
		<Properties>
			<bool name="Loop">true</bool>
			<string name="Name">Test</string>
			<token name="Priority">1000</token>
		</Properties>
		<Item class="Keyframe" referent="RBX1">
			<Properties>
				<string name="Name">Keyframe</string>
				<float name="Time">0.000000</float>
			</Properties>
			<Item class="Pose" referent="RBX4">
				<Properties>
					<CoordinateFrame name="CFrame">
						<X>0.000000</X> <Y>0.000000</Y> <Z>0.000000</Z>
						<R00>1.000000</R00> <R01>0.000000</R01> <R02>0.000000</R02>
						<R10>0.000000</R10> <R11>1.000000</R11> <R12>0.000000</R12>
						<R20>0.000000</R20> <R21>0.000000</R21> <R22>1.000000</R22>
					</CoordinateFrame>
					<float name="MaskWeight">0</float>
					<string name="Name">HumanoidRootPart</string>
					<float name="Weight">1</float>
				</Properties>
				<Item class="Pose" referent="RBX5">
					<Properties>
						<CoordinateFrame name="CFrame">
							<X>0.201523</X> <Y>0.242240</Y> <Z>-0.121009</Z>
							<R00>1.000000</R00> <R01>0.000000</R01> <R02>0.000000</R02>
							<R10>0.000000</R10> <R11>0.997177</R11> <R12>-0.075089</R12>
							<R20>0.000000</R20> <R21>0.075089</R21> <R22>0.997177</R22>
						</CoordinateFrame>
						<float name="MaskWeight">0</float>
						<string name="Name">LowerTorso</string>
						<float name="Weight">1</float>
					</Properties>
					<Item class="Pose" referent="RBX6">
						<Properties>
							<CoordinateFrame name="CFrame">
								<X>0.000000</X> <Y>0.000000</Y> <Z>0.000000</Z>
								<R00>0.958407</R00> <R01>-0.018502</R01> <R02>0.284804</R02>
								<R10>0.017532</R10> <R11>0.999828</R11> <R12>0.005956</R12>
								<R20>-0.284865</R20> <R21>-0.000715</R21> <R22>0.958567</R22>
							</CoordinateFrame>
							<float name="MaskWeight">0</float>
							<string name="Name">UpperTorso</string>
							<float name="Weight">1</float>
						</Properties>
						<Item class="Pose" referent="RBX7">
							<Properties>
								<CoordinateFrame name="CFrame">
									<X>0.000000</X> <Y>0.000000</Y> <Z>0.042861</Z>
									<R00>0.902378</R00> <R01>0.333103</R01> <R02>-0.273418</R02>
									<R10>-0.383844</R10> <R11>0.909682</R11> <R12>-0.158564</R12>
									<R20>0.195905</R20> <R21>0.248034</R21> <R22>0.948736</R22>
								</CoordinateFrame>
								<float name="MaskWeight">0</float>
								<string name="Name">Head</string>
								<float name="Weight">1</float>
							</Properties>
						</Item>
						<Item class="Pose" referent="RBX8">
							<Properties>
								<CoordinateFrame name="CFrame">
									<X>-0.000145</X> <Y>0.000085</Y> <Z>0.000365</Z>
									<R00>0.415640</R00> <R01>0.275358</R01> <R02>-0.866846</R02>
									<R10>-0.902358</R10> <R11>0.244289</R11> <R12>-0.355068</R12>
									<R20>0.113990</R20> <R21>0.929785</R21> <R22>0.350007</R22>
								</CoordinateFrame>
								<float name="MaskWeight">0</float>
								<string name="Name">LeftUpperArm</string>
								<float name="Weight">1</float>
							</Properties>
							<Item class="Pose" referent="RBX9">
								<Properties>
									<CoordinateFrame name="CFrame">
										<X>-0.000370</X> <Y>-0.000127</Y> <Z>0.000000</Z>
										<R00>0.999837</R00> <R01>0.015917</R01> <R02>-0.008568</R02>
										<R10>-0.015259</R10> <R11>0.489066</R11> <R12>-0.872113</R12>
										<R20>-0.009691</R20> <R21>0.872102</R21> <R22>0.489229</R22>
									</CoordinateFrame>
									<float name="MaskWeight">0</float>
									<string name="Name">LeftLowerArm</string>
									<float name="Weight">1</float>
								</Properties>
								<Item class="Pose" referent="RBX10">
									<Properties>
										<CoordinateFrame name="CFrame">
											<X>0.000000</X> <Y>0.000206</Y> <Z>0.000000</Z>
											<R00>1.000000</R00> <R01>0.000000</R01> <R02>-0.000000</R02>
											<R10>0.000000</R10> <R11>1.000000</R11> <R12>-0.000000</R12>
											<R20>0.000000</R20> <R21>-0.000000</R21> <R22>1.000000</R22>
										</CoordinateFrame>
										<float name="MaskWeight">0</float>
										<string name="Name">LeftHand</string>
										<float name="Weight">1</float>
									</Properties>
								</Item>
							</Item>
						</Item>
						<Item class="Pose" referent="RBX11">
							<Properties>
								<CoordinateFrame name="CFrame">
									<X>0.000013</X> <Y>-0.000023</Y> <Z>-0.000000</Z>
									<R00>0.251231</R00> <R01>-0.957134</R01> <R02>-0.144142</R02>
									<R10>0.009318</R10> <R11>0.151303</R11> <R12>-0.988444</R12>
									<R20>0.967882</R20> <R21>0.246985</R21> <R22>0.046931</R22>
								</CoordinateFrame>
								<float name="MaskWeight">0</float>
								<string name="Name">RightUpperArm</string>
								<float name="Weight">1</float>
							</Properties>
							<Item class="Pose" referent="RBX12">
								<Properties>
									<CoordinateFrame name="CFrame">
										<X>-0.000020</X> <Y>0.000018</Y> <Z>-0.000000</Z>
										<R00>0.999770</R00> <R01>0.006919</R01> <R02>-0.020323</R02>
										<R10>-0.021433</R10> <R11>0.375616</R11> <R12>-0.926528</R12>
										<R20>0.001223</R20> <R21>0.926750</R21> <R22>0.375677</R22>
									</CoordinateFrame>
									<float name="MaskWeight">0</float>
									<string name="Name">RightLowerArm</string>
									<float name="Weight">1</float>
								</Properties>
								<Item class="Pose" referent="RBX13">
									<Properties>
										<CoordinateFrame name="CFrame">
											<X>-0.000000</X> <Y>-0.000000</Y> <Z>-0.000000</Z>
											<R00>1.000000</R00> <R01>0.000000</R01> <R02>-0.000000</R02>
											<R10>0.000000</R10> <R11>1.000000</R11> <R12>0.000000</R12>
											<R20>0.000000</R20> <R21>0.000000</R21> <R22>1.000000</R22>
										</CoordinateFrame>
										<float name="MaskWeight">0</float>
										<string name="Name">RightHand</string>
										<float name="Weight">1</float>
									</Properties>
								</Item>
							</Item>
						</Item>
					</Item>
					<Item class="Pose" referent="RBX14">
						<Properties>
							<CoordinateFrame name="CFrame">
								<X>-0.000200</X> <Y>0.000100</Y> <Z>-0.000000</Z>
								<R00>0.688836</R00> <R01>0.707505</R01> <R02>0.157930</R02>
								<R10>-0.458205</R10> <R11>0.593761</R11> <R12>-0.661435</R12>
								<R20>-0.561741</R20> <R21>0.383256</R21> <R22>0.733186</R22>
							</CoordinateFrame>
							<float name="MaskWeight">0</float>
							<string name="Name">LeftUpperLeg</string>
							<float name="Weight">1</float>
						</Properties>
						<Item class="Pose" referent="RBX15">
							<Properties>
								<CoordinateFrame name="CFrame">
									<X>-0.000000</X> <Y>-0.000400</Y> <Z>0.000178</Z>
									<R00>1.000000</R00> <R01>-0.000001</R01> <R02>0.000021</R02>
									<R10>-0.000021</R10> <R11>-0.033065</R11> <R12>0.999453</R12>
									<R20>-0.000001</R20> <R21>-0.999453</R21> <R22>-0.033065</R22>
								</CoordinateFrame>
								<float name="MaskWeight">0</float>
								<string name="Name">LeftLowerLeg</string>
								<float name="Weight">1</float>
							</Properties>
							<Item class="Pose" referent="RBX16">
								<Properties>
									<CoordinateFrame name="CFrame">
										<X>-0.000001</X> <Y>-0.000000</Y> <Z>0.075000</Z>
										<R00>0.999439</R00> <R01>-0.031371</R01> <R02>-0.011762</R02>
										<R10>0.032131</R10> <R11>0.996942</R11> <R12>0.071233</R12>
										<R20>0.009491</R20> <R21>-0.071571</R21> <R22>0.997390</R22>
									</CoordinateFrame>
									<float name="MaskWeight">0</float>
									<string name="Name">LeftFoot</string>
									<float name="Weight">1</float>
								</Properties>
							</Item>
						</Item>
					</Item>
					<Item class="Pose" referent="RBX17">
						<Properties>
							<CoordinateFrame name="CFrame">
								<X>-0.053659</X> <Y>0.000300</Y> <Z>-0.000000</Z>
								<R00>0.995057</R00> <R01>0.098991</R01> <R02>-0.007899</R02>
								<R10>-0.099179</R10> <R11>0.986618</R11> <R12>-0.129413</R12>
								<R20>-0.005017</R20> <R21>0.129557</R21> <R22>0.991559</R22>
							</CoordinateFrame>
							<float name="MaskWeight">0</float>
							<string name="Name">RightUpperLeg</string>
							<float name="Weight">1</float>
						</Properties>
						<Item class="Pose" referent="RBX18">
							<Properties>
								<CoordinateFrame name="CFrame">
									<X>0.000000</X> <Y>-0.000000</Y> <Z>0.000000</Z>
									<R00>1.000000</R00> <R01>-0.000000</R01> <R02>0.000000</R02>
									<R10>-0.000000</R10> <R11>0.950071</R11> <R12>0.312034</R12>
									<R20>-0.000000</R20> <R21>-0.312034</R21> <R22>0.950071</R22>
								</CoordinateFrame>
								<float name="MaskWeight">0</float>
								<string name="Name">RightLowerLeg</string>
								<float name="Weight">1</float>
							</Properties>
							<Item class="Pose" referent="RBX19">
								<Properties>
									<CoordinateFrame name="CFrame">
										<X>-0.000000</X> <Y>-0.000006</Y> <Z>0.075000</Z>
										<R00>0.995695</R00> <R01>0.002274</R01> <R02>0.092662</R02>
										<R10>-0.019288</R10> <R11>0.982898</R11> <R12>0.183138</R12>
										<R20>-0.090661</R20> <R21>-0.184136</R21> <R22>0.978711</R22>
									</CoordinateFrame>
									<float name="MaskWeight">0</float>
									<string name="Name">RightFoot</string>
									<float name="Weight">1</float>
								</Properties>
							</Item>
						</Item>
					</Item>
				</Item>
			</Item>
		</Item>
		<Item class="Keyframe" referent="RBX20">
			<Properties>
				<string name="Name">Keyframe</string>
				<float name="Time">0.041667</float>
			</Properties>
			<Item class="Pose" referent="RBX23">
				<Properties>
					<CoordinateFrame name="CFrame">
						<X>0.000000</X> <Y>0.000000</Y> <Z>0.000000</Z>
						<R00>1.000000</R00> <R01>0.000000</R01> <R02>0.000000</R02>
						<R10>0.000000</R10> <R11>1.000000</R11> <R12>0.000000</R12>
						<R20>0.000000</R20> <R21>0.000000</R21> <R22>1.000000</R22>
					</CoordinateFrame>
					<float name="MaskWeight">0</float>
					<string name="Name">HumanoidRootPart</string>
					<float name="Weight">1</float>
				</Properties>
				<Item class="Pose" referent="RBX24">
					<Properties>
						<CoordinateFrame name="CFrame">
							<X>0.195985</X> <Y>0.216794</Y> <Z>-0.103432</Z>
							<R00>1.000000</R00> <R01>0.000000</R01> <R02>0.000000</R02>
							<R10>0.000000</R10> <R11>0.997177</R11> <R12>-0.075089</R12>
							<R20>0.000000</R20> <R21>0.075089</R21> <R22>0.997177</R22>
						</CoordinateFrame>
						<float name="MaskWeight">0</float>
						<string name="Name">LowerTorso</string>
						<float name="Weight">1</float>
					</Properties>
					<Item class="Pose" referent="RBX25">
						<Properties>
							<CoordinateFrame name="CFrame">
								<X>0.000000</X> <Y>0.000000</Y> <Z>-0.000000</Z>
								<R00>0.963321</R00> <R01>-0.011411</R01> <R02>0.268111</R02>
								<R10>0.015022</R10> <R11>0.999822</R11> <R12>-0.011418</R12>
								<R20>-0.267933</R20> <R21>0.015027</R21> <R22>0.963320</R22>
							</CoordinateFrame>
							<float name="MaskWeight">0</float>
							<string name="Name">UpperTorso</string>
							<float name="Weight">1</float>
						</Properties>
						<Item class="Pose" referent="RBX26">
							<Properties>
								<CoordinateFrame name="CFrame">
									<X>0.000000</X> <Y>-0.000000</Y> <Z>0.042861</Z>
									<R00>0.917149</R00> <R01>0.294617</R01> <R02>-0.268398</R02>
									<R10>-0.347360</R10> <R11>0.921085</R11> <R12>-0.175907</R12>
									<R20>0.195393</R20> <R21>0.254563</R21> <R22>0.947111</R22>
								</CoordinateFrame>
								<float name="MaskWeight">0</float>
								<string name="Name">Head</string>
								<float name="Weight">1</float>
							</Properties>
						</Item>
						<Item class="Pose" referent="RBX27">
							<Properties>
								<CoordinateFrame name="CFrame">
									<X>-0.000144</X> <Y>0.000084</Y> <Z>0.000365</Z>
									<R00>0.456370</R00> <R01>0.274606</R01> <R02>-0.846355</R02>
									<R10>-0.883964</R10> <R11>0.248593</R11> <R12>-0.395992</R12>
									<R20>0.101656</R20> <R21>0.928866</R21> <R22>0.356192</R22>
								</CoordinateFrame>
								<float name="MaskWeight">0</float>
								<string name="Name">LeftUpperArm</string>
								<float name="Weight">1</float>
							</Properties>
							<Item class="Pose" referent="RBX28">
								<Properties>
									<CoordinateFrame name="CFrame">
										<X>-0.000370</X> <Y>-0.000127</Y> <Z>0.000000</Z>
										<R00>0.998888</R00> <R01>0.038721</R01> <R02>-0.026900</R02>
										<R10>-0.042232</R10> <R11>0.481134</R11> <R12>-0.875629</R12>
										<R20>-0.020963</R20> <R21>0.875792</R21> <R22>0.482234</R22>
									</CoordinateFrame>
									<float name="MaskWeight">0</float>
									<string name="Name">LeftLowerArm</string>
									<float name="Weight">1</float>
								</Properties>
								<Item class="Pose" referent="RBX29">
									<Properties>
										<CoordinateFrame name="CFrame">
											<X>-0.000000</X> <Y>0.000206</Y> <Z>-0.000000</Z>
											<R00>1.000000</R00> <R01>-0.000000</R01> <R02>-0.000000</R02>
											<R10>0.000000</R10> <R11>1.000000</R11> <R12>0.000000</R12>
											<R20>-0.000000</R20> <R21>0.000000</R21> <R22>1.000000</R22>
										</CoordinateFrame>
										<float name="MaskWeight">0</float>
										<string name="Name">LeftHand</string>
										<float name="Weight">1</float>
									</Properties>
								</Item>
							</Item>
						</Item>
						<Item class="Pose" referent="RBX30">
							<Properties>
								<CoordinateFrame name="CFrame">
									<X>0.000013</X> <Y>-0.000024</Y> <Z>0.000000</Z>
									<R00>0.344906</R00> <R01>-0.925607</R01> <R02>-0.155856</R02>
									<R10>0.049489</R10> <R11>0.183747</R11> <R12>-0.981727</R12>
									<R20>0.937331</R20> <R21>0.330890</R21> <R22>0.109183</R22>
								</CoordinateFrame>
								<float name="MaskWeight">0</float>
								<string name="Name">RightUpperArm</string>
								<float name="Weight">1</float>
							</Properties>
							<Item class="Pose" referent="RBX31">
								<Properties>
									<CoordinateFrame name="CFrame">
										<X>-0.000020</X> <Y>0.000018</Y> <Z>0.000000</Z>
										<R00>0.999668</R00> <R01>0.005363</R01> <R02>-0.025221</R02>
										<R10>-0.025713</R10> <R11>0.280377</R11> <R12>-0.959545</R12>
										<R20>0.001925</R20> <R21>0.959875</R21> <R22>0.280422</R22>
									</CoordinateFrame>
									<float name="MaskWeight">0</float>
									<string name="Name">RightLowerArm</string>
									<float name="Weight">1</float>
								</Properties>
								<Item class="Pose" referent="RBX32">
									<Properties>
										<CoordinateFrame name="CFrame">
											<X>0.000000</X> <Y>0.000000</Y> <Z>0.000000</Z>
											<R00>1.000000</R00> <R01>0.000000</R01> <R02>0.000000</R02>
											<R10>0.000000</R10> <R11>1.000000</R11> <R12>0.000000</R12>
											<R20>0.000000</R20> <R21>-0.000000</R21> <R22>1.000000</R22>
										</CoordinateFrame>
										<float name="MaskWeight">0</float>
										<string name="Name">RightHand</string>
										<float name="Weight">1</float>
									</Properties>
								</Item>
							</Item>
						</Item>
					</Item>
					<Item class="Pose" referent="RBX33">
						<Properties>
							<CoordinateFrame name="CFrame">
								<X>-0.000200</X> <Y>0.000100</Y> <Z>-0.000000</Z>
								<R00>0.722760</R00> <R01>0.671966</R01> <R02>0.161491</R02>
								<R10>-0.432752</R10> <R11>0.622238</R11> <R12>-0.652338</R12>
								<R20>-0.538835</R20> <R21>0.401598</R21> <R22>0.740524</R22>
							</CoordinateFrame>
							<float name="MaskWeight">0</float>
							<string name="Name">LeftUpperLeg</string>
							<float name="Weight">1</float>
						</Properties>
						<Item class="Pose" referent="RBX34">
							<Properties>
								<CoordinateFrame name="CFrame">
									<X>-0.000000</X> <Y>-0.000400</Y> <Z>0.000178</Z>
									<R00>1.000000</R00> <R01>-0.000001</R01> <R02>0.000020</R02>
									<R10>-0.000020</R10> <R11>-0.008266</R11> <R12>0.999966</R12>
									<R20>-0.000001</R20> <R21>-0.999966</R21> <R22>-0.008266</R22>
								</CoordinateFrame>
								<float name="MaskWeight">0</float>
								<string name="Name">LeftLowerLeg</string>
								<float name="Weight">1</float>
							</Properties>
							<Item class="Pose" referent="RBX35">
								<Properties>
									<CoordinateFrame name="CFrame">
										<X>-0.000001</X> <Y>0.000000</Y> <Z>0.075000</Z>
										<R00>0.998922</R00> <R01>-0.043917</R01> <R02>-0.015074</R02>
										<R10>0.044334</R10> <R11>0.998609</R11> <R12>0.028532</R12>
										<R20>0.013800</R20> <R21>-0.029169</R21> <R22>0.999479</R22>
									</CoordinateFrame>
									<float name="MaskWeight">0</float>
									<string name="Name">LeftFoot</string>
									<float name="Weight">1</float>
								</Properties>
							</Item>
						</Item>
					</Item>
					<Item class="Pose" referent="RBX36">
						<Properties>
							<CoordinateFrame name="CFrame">
								<X>-0.046124</X> <Y>0.000300</Y> <Z>-0.000000</Z>
								<R00>0.995629</R00> <R01>0.092928</R01> <R02>-0.009306</R02>
								<R10>-0.093141</R10> <R11>0.980701</R11> <R12>-0.171899</R12>
								<R20>-0.006848</R20> <R21>0.172014</R21> <R22>0.985070</R22>
							</CoordinateFrame>
							<float name="MaskWeight">0</float>
							<string name="Name">RightUpperLeg</string>
							<float name="Weight">1</float>
						</Properties>
						<Item class="Pose" referent="RBX37">
							<Properties>
								<CoordinateFrame name="CFrame">
									<X>0.000000</X> <Y>-0.000000</Y> <Z>0.000000</Z>
									<R00>1.000000</R00> <R01>0.000000</R01> <R02>0.000000</R02>
									<R10>0.000000</R10> <R11>0.930725</R11> <R12>0.365721</R12>
									<R20>0.000000</R20> <R21>-0.365721</R21> <R22>0.930725</R22>
								</CoordinateFrame>
								<float name="MaskWeight">0</float>
								<string name="Name">RightLowerLeg</string>
								<float name="Weight">1</float>
							</Properties>
							<Item class="Pose" referent="RBX38">
								<Properties>
									<CoordinateFrame name="CFrame">
										<X>0.000000</X> <Y>-0.000006</Y> <Z>0.075000</Z>
										<R00>0.996020</R00> <R01>-0.000590</R01> <R02>0.089131</R02>
										<R10>-0.015950</R10> <R11>0.982658</R11> <R12>0.184741</R12>
										<R20>-0.087694</R20> <R21>-0.185427</R21> <R22>0.978737</R22>
									</CoordinateFrame>
									<float name="MaskWeight">0</float>
									<string name="Name">RightFoot</string>
									<float name="Weight">1</float>
								</Properties>
							</Item>
						</Item>
					</Item>
				</Item>
			</Item>
		</Item>
		<Item class="Keyframe" referent="RBX39">
			<Properties>
				<string name="Name">Keyframe</string>
				<float name="Time">0.083333</float>
			</Properties>
			<Item class="Pose" referent="RBX42">
				<Properties>
					<CoordinateFrame name="CFrame">
						<X>0.000000</X> <Y>0.000000</Y> <Z>0.000000</Z>
						<R00>1.000000</R00> <R01>0.000000</R01> <R02>0.000000</R02>
						<R10>0.000000</R10> <R11>1.000000</R11> <R12>0.000000</R12>
						<R20>0.000000</R20> <R21>0.000000</R21> <R22>1.000000</R22>
					</CoordinateFrame>
					<float name="MaskWeight">0</float>
					<string name="Name">HumanoidRootPart</string>
					<float name="Weight">1</float>
				</Properties>
				<Item class="Pose" referent="RBX43">
					<Properties>
						<CoordinateFrame name="CFrame">
							<X>0.180923</X> <Y>0.150016</Y> <Z>-0.056406</Z>
							<R00>1.000000</R00> <R01>0.000000</R01> <R02>0.000000</R02>
							<R10>0.000000</R10> <R11>0.997177</R11> <R12>-0.075089</R12>
							<R20>0.000000</R20> <R21>0.075089</R21> <R22>0.997177</R22>
						</CoordinateFrame>
						<float name="MaskWeight">0</float>
						<string name="Name">LowerTorso</string>
						<float name="Weight">1</float>
					</Properties>
					<Item class="Pose" referent="RBX44">
						<Properties>
							<CoordinateFrame name="CFrame">
								<X>0.000000</X> <Y>0.000000</Y> <Z>0.000000</Z>
								<R00>0.974725</R00> <R01>0.001357</R01> <R02>0.223406</R02>
								<R10>0.008368</R10> <R11>0.999058</R11> <R12>-0.042580</R12>
								<R20>-0.223253</R20> <R21>0.043373</R21> <R22>0.973795</R22>
							</CoordinateFrame>
							<float name="MaskWeight">0</float>
							<string name="Name">UpperTorso</string>
							<float name="Weight">1</float>
						</Properties>
						<Item class="Pose" referent="RBX45">
							<Properties>
								<CoordinateFrame name="CFrame">
									<X>-0.000000</X> <Y>-0.000000</Y> <Z>0.042861</Z>
									<R00>0.947181</R00> <R01>0.200413</R01> <R02>-0.250365</R02>
									<R10>-0.257021</R10> <R11>0.941294</R11> <R12>-0.218873</R12>
									<R20>0.191802</R20> <R21>0.271661</R21> <R22>0.943086</R22>
								</CoordinateFrame>
								<float name="MaskWeight">0</float>
								<string name="Name">Head</string>
								<float name="Weight">1</float>
							</Properties>
						</Item>
						<Item class="Pose" referent="RBX46">
							<Properties>
								<CoordinateFrame name="CFrame">
									<X>-0.000145</X> <Y>0.000084</Y> <Z>0.000365</Z>
									<R00>0.555972</R00> <R01>0.275764</R01> <R02>-0.784123</R02>
									<R10>-0.828588</R10> <R11>0.258616</R11> <R12>-0.496548</R12>
									<R20>0.065857</R20> <R21>0.925782</R21> <R22>0.372278</R22>
								</CoordinateFrame>
								<float name="MaskWeight">0</float>
								<string name="Name">LeftUpperArm</string>
								<float name="Weight">1</float>
							</Properties>
							<Item class="Pose" referent="RBX47">
								<Properties>
									<CoordinateFrame name="CFrame">
										<X>-0.000370</X> <Y>-0.000127</Y> <Z>-0.000000</Z>
										<R00>0.998328</R00> <R01>0.040372</R01> <R02>-0.041365</R02>
										<R10>-0.055730</R10> <R11>0.482472</R11> <R12>-0.874137</R12>
										<R20>-0.015333</R20> <R21>0.874981</R21> <R22>0.483915</R22>
									</CoordinateFrame>
									<float name="MaskWeight">0</float>
									<string name="Name">LeftLowerArm</string>
									<float name="Weight">1</float>
								</Properties>
								<Item class="Pose" referent="RBX48">
									<Properties>
										<CoordinateFrame name="CFrame">
											<X>0.000000</X> <Y>0.000206</Y> <Z>0.000000</Z>
											<R00>1.000000</R00> <R01>-0.000000</R01> <R02>0.000000</R02>
											<R10>-0.000000</R10> <R11>1.000000</R11> <R12>-0.000000</R12>
											<R20>0.000000</R20> <R21>-0.000000</R21> <R22>1.000000</R22>
										</CoordinateFrame>
										<float name="MaskWeight">0</float>
										<string name="Name">LeftHand</string>
										<float name="Weight">1</float>
									</Properties>
								</Item>
							</Item>
						</Item>
						<Item class="Pose" referent="RBX49">
							<Properties>
								<CoordinateFrame name="CFrame">
									<X>0.000013</X> <Y>-0.000024</Y> <Z>-0.000000</Z>
									<R00>0.540534</R00> <R01>-0.830384</R01> <R02>-0.135225</R02>
									<R10>0.175160</R10> <R11>0.268281</R11> <R12>-0.947283</R12>
									<R20>0.822886</R20> <R21>0.488352</R21> <R22>0.290466</R22>
								</CoordinateFrame>
								<float name="MaskWeight">0</float>
								<string name="Name">RightUpperArm</string>
								<float name="Weight">1</float>
							</Properties>
							<Item class="Pose" referent="RBX50">
								<Properties>
									<CoordinateFrame name="CFrame">
										<X>-0.000020</X> <Y>0.000018</Y> <Z>0.000000</Z>
										<R00>0.999367</R00> <R01>0.002396</R01> <R02>-0.035505</R02>
										<R10>-0.035368</R10> <R11>0.177079</R11> <R12>-0.983561</R12>
										<R20>0.003931</R20> <R21>0.984194</R21> <R22>0.177052</R22>
									</CoordinateFrame>
									<float name="MaskWeight">0</float>
									<string name="Name">RightLowerArm</string>
									<float name="Weight">1</float>
								</Properties>
								<Item class="Pose" referent="RBX51">
									<Properties>
										<CoordinateFrame name="CFrame">
											<X>-0.000000</X> <Y>0.000000</Y> <Z>0.000000</Z>
											<R00>1.000000</R00> <R01>-0.000000</R01> <R02>0.000000</R02>
											<R10>-0.000000</R10> <R11>1.000000</R11> <R12>0.000000</R12>
											<R20>0.000000</R20> <R21>0.000000</R21> <R22>1.000000</R22>
										</CoordinateFrame>
										<float name="MaskWeight">0</float>
										<string name="Name">RightHand</string>
										<float name="Weight">1</float>
									</Properties>
								</Item>
							</Item>
						</Item>
					</Item>
					<Item class="Pose" referent="RBX52">
						<Properties>
							<CoordinateFrame name="CFrame">
								<X>-0.000200</X> <Y>0.000100</Y> <Z>-0.000000</Z>
								<R00>0.800189</R00> <R01>0.578101</R01> <R02>0.159678</R02>
								<R10>-0.368287</R10> <R11>0.683768</R11> <R12>-0.629941</R12>
								<R20>-0.473352</R20> <R21>0.445265</R21> <R22>0.760050</R22>
							</CoordinateFrame>
							<float name="MaskWeight">0</float>
							<string name="Name">LeftUpperLeg</string>
							<float name="Weight">1</float>
						</Properties>
						<Item class="Pose" referent="RBX53">
							<Properties>
								<CoordinateFrame name="CFrame">
									<X>-0.000000</X> <Y>-0.000400</Y> <Z>0.000178</Z>
									<R00>1.000000</R00> <R01>0.000000</R01> <R02>0.000019</R02>
									<R10>-0.000019</R10> <R11>0.051939</R11> <R12>0.998650</R12>
									<R20>-0.000001</R20> <R21>-0.998650</R21> <R22>0.051939</R22>
								</CoordinateFrame>
								<float name="MaskWeight">0</float>
								<string name="Name">LeftLowerLeg</string>
								<float name="Weight">1</float>
							</Properties>
							<Item class="Pose" referent="RBX54">
								<Properties>
									<CoordinateFrame name="CFrame">
										<X>-0.000001</X> <Y>-0.000000</Y> <Z>0.075000</Z>
										<R00>0.997139</R00> <R01>-0.073327</R01> <R02>-0.018331</R02>
										<R10>0.071831</R10> <R11>0.994810</R11> <R12>-0.072067</R12>
										<R20>0.023520</R20> <R21>0.070544</R21> <R22>0.997231</R22>
									</CoordinateFrame>
									<float name="MaskWeight">0</float>
									<string name="Name">LeftFoot</string>
									<float name="Weight">1</float>
								</Properties>
							</Item>
						</Item>
					</Item>
					<Item class="Pose" referent="RBX55">
						<Properties>
							<CoordinateFrame name="CFrame">
								<X>-0.029121</X> <Y>0.000300</Y> <Z>-0.000000</Z>
								<R00>0.996901</R00> <R01>0.077805</R01> <R02>-0.011639</R02>
								<R10>-0.077954</R10> <R11>0.957008</R11> <R12>-0.279389</R12>
								<R20>-0.010599</R20> <R21>0.279431</R21> <R22>0.960107</R22>
							</CoordinateFrame>
							<float name="MaskWeight">0</float>
							<string name="Name">RightUpperLeg</string>
							<float name="Weight">1</float>
						</Properties>
						<Item class="Pose" referent="RBX56">
							<Properties>
								<CoordinateFrame name="CFrame">
									<X>0.000000</X> <Y>0.000000</Y> <Z>0.000000</Z>
									<R00>1.000000</R00> <R01>0.000000</R01> <R02>0.000000</R02>
									<R10>0.000000</R10> <R11>0.869049</R11> <R12>0.494725</R12>
									<R20>0.000000</R20> <R21>-0.494725</R21> <R22>0.869049</R22>
								</CoordinateFrame>
								<float name="MaskWeight">0</float>
								<string name="Name">RightLowerLeg</string>
								<float name="Weight">1</float>
							</Properties>
							<Item class="Pose" referent="RBX57">
								<Properties>
									<CoordinateFrame name="CFrame">
										<X>0.000000</X> <Y>-0.000006</Y> <Z>0.075000</Z>
										<R00>0.996766</R00> <R01>-0.007899</R01> <R02>0.079967</R02>
										<R10>-0.007354</R10> <R11>0.982013</R11> <R12>0.188670</R12>
										<R20>-0.080019</R20> <R21>-0.188648</R21> <R22>0.978779</R22>
									</CoordinateFrame>
									<float name="MaskWeight">0</float>
									<string name="Name">RightFoot</string>
									<float name="Weight">1</float>
								</Properties>
							</Item>
						</Item>
					</Item>
				</Item>
			</Item>
		</Item>
		<Item class="Keyframe" referent="RBX58">
			<Properties>
				<string name="Name">Keyframe</string>
				<float name="Time">0.125000</float>
			</Properties>
			<Item class="Pose" referent="RBX61">
				<Properties>
					<CoordinateFrame name="CFrame">
						<X>0.000000</X> <Y>0.000000</Y> <Z>0.000000</Z>
						<R00>1.000000</R00> <R01>0.000000</R01> <R02>0.000000</R02>
						<R10>0.000000</R10> <R11>1.000000</R11> <R12>0.000000</R12>
						<R20>0.000000</R20> <R21>0.000000</R21> <R22>1.000000</R22>
					</CoordinateFrame>
					<float name="MaskWeight">0</float>
					<string name="Name">HumanoidRootPart</string>
					<float name="Weight">1</float>
				</Properties>
				<Item class="Pose" referent="RBX62">
					<Properties>
						<CoordinateFrame name="CFrame">
							<X>0.158667</X> <Y>0.056246</Y> <Z>0.011509</Z>
							<R00>1.000000</R00> <R01>0.000000</R01> <R02>0.000000</R02>
							<R10>0.000000</R10> <R11>0.997177</R11> <R12>-0.075089</R12>
							<R20>0.000000</R20> <R21>0.075089</R21> <R22>0.997177</R22>
						</CoordinateFrame>
						<float name="MaskWeight">0</float>
						<string name="Name">LowerTorso</string>
						<float name="Weight">1</float>
					</Properties>
					<Item class="Pose" referent="RBX63">
						<Properties>
							<CoordinateFrame name="CFrame">
								<X>0.000000</X> <Y>0.000000</Y> <Z>-0.000000</Z>
								<R00>0.987111</R00> <R01>0.010025</R01> <R02>0.159721</R02>
								<R10>-0.001085</R10> <R11>0.998432</R11> <R12>-0.055964</R12>
								<R20>-0.160032</R20> <R21>0.055070</R21> <R22>0.985574</R22>
							</CoordinateFrame>
							<float name="MaskWeight">0</float>
							<string name="Name">UpperTorso</string>
							<float name="Weight">1</float>
						</Properties>
						<Item class="Pose" referent="RBX64">
							<Properties>
								<CoordinateFrame name="CFrame">
									<X>0.000000</X> <Y>0.000000</Y> <Z>0.042861</Z>
									<R00>0.972831</R00> <R01>0.084599</R01> <R02>-0.215508</R02>
									<R10>-0.143041</R10> <R11>0.951559</R11> <R12>-0.272167</R12>
									<R20>0.182043</R20> <R21>0.295599</R21> <R22>0.937807</R22>
								</CoordinateFrame>
								<float name="MaskWeight">0</float>
								<string name="Name">Head</string>
								<float name="Weight">1</float>
							</Properties>
						</Item>
						<Item class="Pose" referent="RBX65">
							<Properties>
								<CoordinateFrame name="CFrame">
									<X>-0.000144</X> <Y>0.000085</Y> <Z>0.000365</Z>
									<R00>0.677277</R00> <R01>0.284780</R01> <R02>-0.678378</R02>
									<R10>-0.735680</R10> <R11>0.272673</R11> <R12>-0.620020</R12>
									<R20>0.008406</R20> <R21>0.918994</R21> <R22>0.394182</R22>
								</CoordinateFrame>
								<float name="MaskWeight">0</float>
								<string name="Name">LeftUpperArm</string>
								<float name="Weight">1</float>
							</Properties>
							<Item class="Pose" referent="RBX66">
								<Properties>
									<CoordinateFrame name="CFrame">
										<X>-0.000370</X> <Y>-0.000127</Y> <Z>0.000000</Z>
										<R00>0.998174</R00> <R01>0.031571</R01> <R02>-0.051499</R02>
										<R10>-0.060366</R10> <R11>0.490240</R11> <R12>-0.869495</R12>
										<R20>-0.002204</R20> <R21>0.871016</R21> <R22>0.491251</R22>
									</CoordinateFrame>
									<float name="MaskWeight">0</float>
									<string name="Name">LeftLowerArm</string>
									<float name="Weight">1</float>
								</Properties>
								<Item class="Pose" referent="RBX67">
									<Properties>
										<CoordinateFrame name="CFrame">
											<X>0.000000</X> <Y>0.000206</Y> <Z>-0.000000</Z>
											<R00>1.000000</R00> <R01>-0.000000</R01> <R02>0.000000</R02>
											<R10>0.000000</R10> <R11>1.000000</R11> <R12>-0.000000</R12>
											<R20>0.000000</R20> <R21>0.000000</R21> <R22>1.000000</R22>
										</CoordinateFrame>
										<float name="MaskWeight">0</float>
										<string name="Name">LeftHand</string>
										<float name="Weight">1</float>
									</Properties>
								</Item>
							</Item>
						</Item>
						<Item class="Pose" referent="RBX68">
							<Properties>
								<CoordinateFrame name="CFrame">
									<X>0.000013</X> <Y>-0.000023</Y> <Z>0.000000</Z>
									<R00>0.700305</R00> <R01>-0.713327</R01> <R02>-0.027164</R02>
									<R10>0.354652</R10> <R11>0.380699</R11> <R12>-0.853985</R12>
									<R20>0.619512</R20> <R21>0.588416</R21> <R22>0.519588</R22>
								</CoordinateFrame>
								<float name="MaskWeight">0</float>
								<string name="Name">RightUpperArm</string>
								<float name="Weight">1</float>
							</Properties>
							<Item class="Pose" referent="RBX69">
								<Properties>
									<CoordinateFrame name="CFrame">
										<X>-0.000020</X> <Y>0.000018</Y> <Z>-0.000000</Z>
										<R00>0.998934</R00> <R01>-0.002952</R01> <R02>-0.046073</R02>
										<R10>-0.045620</R10> <R11>0.090127</R11> <R12>-0.994885</R12>
										<R20>0.007089</R20> <R21>0.995926</R21> <R22>0.089896</R22>
									</CoordinateFrame>
									<float name="MaskWeight">0</float>
									<string name="Name">RightLowerArm</string>
									<float name="Weight">1</float>
								</Properties>
								<Item class="Pose" referent="RBX70">
									<Properties>
										<CoordinateFrame name="CFrame">
											<X>0.000000</X> <Y>0.000000</Y> <Z>0.000000</Z>
											<R00>1.000000</R00> <R01>0.000000</R01> <R02>0.000000</R02>
											<R10>0.000000</R10> <R11>1.000000</R11> <R12>0.000000</R12>
											<R20>0.000000</R20> <R21>-0.000000</R21> <R22>1.000000</R22>
										</CoordinateFrame>
										<float name="MaskWeight">0</float>
										<string name="Name">RightHand</string>
										<float name="Weight">1</float>
									</Properties>
								</Item>
							</Item>
						</Item>
					</Item>
					<Item class="Pose" referent="RBX71">
						<Properties>
							<CoordinateFrame name="CFrame">
								<X>-0.000200</X> <Y>0.000100</Y> <Z>-0.000000</Z>
								<R00>0.883664</R00> <R01>0.448186</R01> <R02>0.135153</R02>
								<R10>-0.284719</R10> <R11>0.743744</R11> <R12>-0.604797</R12>
								<R20>-0.371581</R20> <R21>0.495957</R21> <R22>0.784827</R22>
							</CoordinateFrame>
							<float name="MaskWeight">0</float>
							<string name="Name">LeftUpperLeg</string>
							<float name="Weight">1</float>
						</Properties>
						<Item class="Pose" referent="RBX72">
							<Properties>
								<CoordinateFrame name="CFrame">
									<X>-0.000000</X> <Y>-0.000400</Y> <Z>0.000178</Z>
									<R00>1.000000</R00> <R01>0.000002</R01> <R02>0.000018</R02>
									<R10>-0.000018</R10> <R11>0.125285</R11> <R12>0.992121</R12>
									<R20>-0.000001</R20> <R21>-0.992121</R21> <R22>0.125286</R22>
								</CoordinateFrame>
								<float name="MaskWeight">0</float>
								<string name="Name">LeftLowerLeg</string>
								<float name="Weight">1</float>
							</Properties>
							<Item class="Pose" referent="RBX73">
								<Properties>
									<CoordinateFrame name="CFrame">
										<X>-0.000001</X> <Y>0.000000</Y> <Z>0.075000</Z>
										<R00>0.994315</R00> <R01>-0.105507</R01> <R02>-0.014367</R02>
										<R10>0.100959</R10> <R11>0.977019</R11> <R12>-0.187728</R12>
										<R20>0.033844</R20> <R21>0.185210</R21> <R22>0.982116</R22>
									</CoordinateFrame>
									<float name="MaskWeight">0</float>
									<string name="Name">LeftFoot</string>
									<float name="Weight">1</float>
								</Properties>
							</Item>
						</Item>
					</Item>
					<Item class="Pose" referent="RBX74">
						<Properties>
							<CoordinateFrame name="CFrame">
								<X>-0.011059</X> <Y>0.000300</Y> <Z>-0.000000</Z>
								<R00>0.998238</R00> <R01>0.058124</R01> <R02>-0.011976</R02>
								<R10>-0.057765</R10> <R11>0.905396</R11> <R12>-0.420619</R12>
								<R20>-0.013605</R20> <R21>0.420570</R21> <R22>0.907158</R22>
							</CoordinateFrame>
							<float name="MaskWeight">0</float>
							<string name="Name">RightUpperLeg</string>
							<float name="Weight">1</float>
						</Properties>
						<Item class="Pose" referent="RBX75">
							<Properties>
								<CoordinateFrame name="CFrame">
									<X>0.000000</X> <Y>0.000000</Y> <Z>0.000000</Z>
									<R00>1.000000</R00> <R01>-0.000000</R01> <R02>-0.000000</R02>
									<R10>0.000000</R10> <R11>0.762063</R11> <R12>0.647502</R12>
									<R20>0.000000</R20> <R21>-0.647502</R21> <R22>0.762064</R22>
								</CoordinateFrame>
								<float name="MaskWeight">0</float>
								<string name="Name">RightLowerLeg</string>
								<float name="Weight">1</float>
							</Properties>
							<Item class="Pose" referent="RBX76">
								<Properties>
									<CoordinateFrame name="CFrame">
										<X>-0.000000</X> <Y>-0.000006</Y> <Z>0.075000</Z>
										<R00>0.997574</R00> <R01>-0.017722</R01> <R02>0.067317</R02>
										<R10>0.004366</R10> <R11>0.981074</R11> <R12>0.193585</R12>
										<R20>-0.069474</R20> <R21>-0.192821</R21> <R22>0.978771</R22>
									</CoordinateFrame>
									<float name="MaskWeight">0</float>
									<string name="Name">RightFoot</string>
									<float name="Weight">1</float>
								</Properties>
							</Item>
						</Item>
					</Item>
				</Item>
			</Item>
		</Item>
		<Item class="Keyframe" referent="RBX77">
			<Properties>
				<string name="Name">Keyframe</string>
				<float name="Time">0.166667</float>
			</Properties>
			<Item class="Pose" referent="RBX80">
				<Properties>
					<CoordinateFrame name="CFrame">
						<X>0.000000</X> <Y>0.000000</Y> <Z>0.000000</Z>
						<R00>1.000000</R00> <R01>0.000000</R01> <R02>0.000000</R02>
						<R10>0.000000</R10> <R11>1.000000</R11> <R12>0.000000</R12>
						<R20>0.000000</R20> <R21>0.000000</R21> <R22>1.000000</R22>
					</CoordinateFrame>
					<float name="MaskWeight">0</float>
					<string name="Name">HumanoidRootPart</string>
					<float name="Weight">1</float>
				</Properties>
				<Item class="Pose" referent="RBX81">
					<Properties>
						<CoordinateFrame name="CFrame">
							<X>0.131547</X> <Y>-0.050175</Y> <Z>0.091757</Z>
							<R00>1.000000</R00> <R01>0.000000</R01> <R02>0.000000</R02>
							<R10>0.000000</R10> <R11>0.997177</R11> <R12>-0.075089</R12>
							<R20>0.000000</R20> <R21>0.075089</R21> <R22>0.997177</R22>
						</CoordinateFrame>
						<float name="MaskWeight">0</float>
						<string name="Name">LowerTorso</string>
						<float name="Weight">1</float>
					</Properties>
					<Item class="Pose" referent="RBX82">
						<Properties>
							<CoordinateFrame name="CFrame">
								<X>0.000000</X> <Y>0.000000</Y> <Z>0.000000</Z>
								<R00>0.996051</R00> <R01>0.013526</R01> <R02>0.087742</R02>
								<R10>-0.011780</R10> <R11>0.999723</R11> <R12>-0.020380</R12>
								<R20>-0.087993</R20> <R21>0.019266</R21> <R22>0.995935</R22>
							</CoordinateFrame>
							<float name="MaskWeight">0</float>
							<string name="Name">UpperTorso</string>
							<float name="Weight">1</float>
						</Properties>
						<Item class="Pose" referent="RBX83">
							<Properties>
								<CoordinateFrame name="CFrame">
									<X>-0.000000</X> <Y>0.000000</Y> <Z>0.042861</Z>
									<R00>0.985834</R00> <R01>-0.015365</R01> <R02>-0.167018</R02>
									<R10>-0.039567</R10> <R11>0.946384</R11> <R12>-0.320613</R12>
									<R20>0.162990</R20> <R21>0.322679</R21> <R22>0.932369</R22>
								</CoordinateFrame>
								<float name="MaskWeight">0</float>
								<string name="Name">Head</string>
								<float name="Weight">1</float>
							</Properties>
						</Item>
						<Item class="Pose" referent="RBX84">
							<Properties>
								<CoordinateFrame name="CFrame">
									<X>-0.000145</X> <Y>0.000084</Y> <Z>0.000364</Z>
									<R00>0.784503</R00> <R01>0.307384</R01> <R02>-0.538581</R02>
									<R10>-0.616307</R10> <R11>0.290241</R11> <R12>-0.732070</R12>
									<R20>-0.068708</R20> <R21>0.906242</R21> <R22>0.417138</R22>
								</CoordinateFrame>
								<float name="MaskWeight">0</float>
								<string name="Name">LeftUpperArm</string>
